1015724
1016121
101731
1018494
10188
1019239
1019444
1019933
102
1020094
1020354
1020414
1020541
102091
1020951
10214
102155
102182
1022256
1022796
1022892
1023
1023086
10237
10239
1024127
10242
10243
1024530
1024600
102475
1024773
102488
102569
1026202
102630
102640
1026542
1026880
1026999
1027358
1027431
1028248
1028546
1028556
102909
1029235
102949
102953
1029549
1029621
102966
1029880
1030196
1030587
10306
103115
103132
10324
1032472
10331
1033643
103396
1034541
1036561
103672
103709
103750
103752
103753
1037644
103794
103890
103972
1040
10410
104116
10412
104141
104173
104193
10425
104294
104321
104362
104366
104441
104442
104452
1045770
1045794
1046120
104616
104682
104748
10476
104806
104865
10488
104902
104907
1049233
104927
104934
104935
104941
104942
104949
1049622
104989
1049948
105054
105059
10516
105170
1052025
1052886
1053008
105325
10536
1053722
105409
105410
105528
1055451
105583
105584
105627
105632
1056444
105670
1056740
1056803
10570
105716
105743
10579
1058
105825
105833
105852
1058616
1058694
105875
105882
10590
1059572
106016
1060385
106041
106061
10612
106138
1061593
1062276
1062372
1062421
1062482
1063249
10633
10638
1064178
1064312
1064375
1064551
10646
1064662
106489
106629
10665
1066575
10671
1067714
1067820
10679
10681
106817
106833
106904
106913
106922
106923
106925
106930
106968
107016
1070535
107058
107065
10707
107081
1071064
107107
107113
10712
10714
107148
107209
107236
1072790
107288
107295
1073079
1073087
10731
10732
107342
107353
1074034
10741
1074299
10748
107486
1075316
1075334
107540
107551
1075794
107584
1075989
107634
1076487
10766
1076897
10770
107729
107753
1077670
107775
1078023
1078249
1078959
107920
107929
10794
1079643
107985
108141
1081662
108179
1082195
1082213
1083637
10845
1084808
10851
108563
108632
108648
1087092
108748
1087571
1087822
108789
108812
10882
10894
109008
109014
109080
109089
109099
10912
1091275
109129
109164
109176
109230
1092506
109276
109347
109377
1093994
109445
109461
109468
1094844
109491
1094974
109667
1096751
1096838
109689
1097311
109755
109762
10977
109774
1098378
109887
11007
110092
1100962
1101224
110139
110200
110202
11022
110341
110345
110427
11043
110431
110439
110455
11046
110493
110552
1105848
1106053
110631
110659
110675
1106904
1107128
1107216
110741
110846
110887
110924
1109306
11094
111039
11111
1112466
111302
111306
1114590
11148
1114928
1115009
1115377
11156
111575
1115780
1115982
11168
111683
1117006
111732
111736
1117379
111754
1117698
11177
1118848
1119377
111965
1119749
1119774
11223
11224
1122493
112295
1123093
112336
112403
11246
112503
1125510
112558
1125623
112570
1125899
1125953
112630
112631
112648
1126915
1127674
1128650
1128655
1129932
1130022
1130899
11309
11311
1131438
113160
1132016
11322
113225
11331
113379
113395
113412
113432
1135176
11356
113572
113587
113606
113670
1136767
1137350
113801
113823
1138230
1138248
1138474
11387
11388
1138891
11389
113918
1139640
1140259
1140866
114116
1141182
11414
114160
1142127
1142366
1143128
114324
114370
114390
11442
114438
11445
1144911
11453
114558
1145608
114584
1146210
11463
1147049
114731
114740
1148713
1148817
1149504
114961
1150019
115002
11502
115026
1150370
115132
1151470
115223
115242
1153110
1153222
1153714
115376
115384
115387
115392
1154598
1155089
1155770
115605
11573
11574
11578
1158616
1158996
115914
115920
115928
1159518
116048
1160923
116158
11617
116216
116253
116272
1162858
11629
116322
116327
116370
1164614
116477
11653
1165466
1165491
1166012
11666
116695
1167271
116746
11683
1168401
11701
117028
117034
117079
11708
117098
1171099
117129
117167
1171816
117239
117248
1172604
117269
117314
117429
117453
117512
117595
1176932
117751
117772
11780
1178605
117863
1179558
117979
117982
11799
118007
1180318
1180390
11807
1180767
118083
1180842
1181540
11817
1182861
118304
118337
1183563
118395
118406
11841
118451
118489
118533
118575
1186023
1186247
11863
118658
118697
11874
11877
1188258
1188423
118872
1190150
119052
11912
11916
1191815
119193
119207
119294
11932
119325
119357
1193824
1193861
1194636
1195631
119632
1196470
1197619
11979
11980
119981
120030
1200338
1201262
1201753
1204812
1205036
120522
120557
1205648
1205892
120676
1207123
120828
12097
121011
12105
121052
121053
12106
121143
1211716
1211957
1212073
12127
1212855
121313
121315
121327
121401
121464
1214931
121498
1215020
121580
121598
121611
121620
1216299
121640
1216780
1216937
1217048
12171
1217343
12177
1217876
121789
121793
121797
12185
1218762
1219158
121942
1219620
121971
12208
122095
122097
1221118
122160
122268
1223690
1224447
122519
12261
122671
122683
122746
12278
12289
122924
1229730
1230147
1230208
123107
123182
123187
123229
1232827
1233083
123359
123434
1234811
1235431
123615
1236204
1236470
123791
123793
1238188
123866
1239251
12410
124108
124115
12412
1241674
1241752
1241894
1241982
12422
124227
1242705
1242898
124310
12435
124395
1244039
124423
124517
124523
1245347
1245708
124597
1247002
124706
124721
124730
124807
12482
1248226
1248753
12488
12491
12499
1250786
1250846
12512
1251551
1251970
125239
12526
125269
125270
125271
12529
125297
1253003
125319
125331
12536
125368
12552
125553
12560
125602
1256192
1256223
1257957
1258761
1259
12591
125960
126034
12604
1260916
126128
1261555
126243
1263249
12633
126405
126434
1265344
126560
1265647
126597
126644
126692
126777
126863
126866
126919
126939
127083
127186
1272166
127286
127329
127401
127495
127498
127544
12758
1276019
1276038
1276073
127608
127609
12763
127806
1278164
127848
12797
1280483
128063
128149
1281532
128154
128186
1282
128246
128285
128298
128312
128330
128412
128415
128489
128655
1286767
128712
128714
128754
128780
1288070
128873
128882
128899
1290218
1290287
129047
129075
1291559
129254
129303
129390
129417
129526
129533
129579
129606
129627
129659
129734
129792
129820
1299372
129959
13004
130050
130052
13006
130062
130119
13025
130296
1303236
130562
1305926
1306284
13075
1307520
130816
13092
13098
13101
13103
131083
1310830
131216
131229
131246
1312833
1313144
131347
131384
131435
131585
13179
1317920
131821
131914
1319504
13198
1319969
1319972
13200
132006
132093
132159
132225
1322488
1322593
1322752
132363
132508
132546
13258
132601
1327769
1327872
132851
1328913
13304
133119
133131
1331375
13345
133454
13348
133557
13361
133790
1337997
13387
1339055
1339658
13404
1340628
13409
134102
13429
134321
134366
13443
134459
134623
134705
134733
134791
13484
135092
135130
135141
13516
13523
135260
1352774
1353117
135337
1354627
1355126
13553
135535
13562
135647
135670
13574
13578
1358947
136069
1361248
136237
136386
136469
13668
136772
13679
136852
136884
137072
137298
137307
137340
13742
137520
137625
1376434
13765
137726
137859
13789
137923
138034
138092
138129
138130
13817
1382166
138258
138275
13830
13856
1386877
138750
138752
138906
138941
1389705
139170
139338
139380
139575
139609
13968
139772
139916
139937
140050
1400768
14008
140109
14024
1402719
1403
14030
140438
14044
140472
14069
1408126
140814
140894
14097
141009
1410189
14103
141102
14118
141216
141220
141229
14125
14136
14141
141418
14143
1415211
14160
141614
141666
141669
141679
14168
1417421
141758
141810
1418290
141901
14196
1420
142196
14220
142252
142305
142358
142749
142792
14286
1429
14292
1429299
1429750
142979
143056
143117
143128
14317
143244
14325
1433593
143370
1433735
143409
143462
14357
143729
143747
143754
143881
143887
14389
143931
1440
14400
14410
14416
14417
14419
144229
144237
144336
144344
1443576
1443894
144441
144597
144599
14462
144682
14472
144724
144734
144780
144788
1448
144819
144825
144923
14493
144953
144968
145002
14505
1450863
145316
14536
145369
14537
14538
145433
14546
145472
1454800
14551
145675
1457124
145720
145756
145762
145808
145821
14589
14606
14607
14608
14615
146158
146172
146296
146304
146346
14654
146583
146590
146660
146661
146721
146730
14677
146808
146816
146827
146839
1468417
146852
14694
146946
14698
147009
14707
147084
147168
147287
147589
147618
14771
147787
147793
1477953
147846
14787
147872
14789
147911
14794
14797
1480382
148048
148049
14820
14831
14833
148477
148513
14859
148662
148697
148698
148766
148791
148827
148828
148905
149067
149119
149170
1491902
14922
1492608
149793
149827
149843
149845
149898
1500536
150066
150095
15019
15028
150288
1502943
150354
150458
150500
150584
150605
150689
15070
15071
15074
150770
15092
150935
150946
150949
15098
1509871
15105
151052
151163
151194
1513598
151388
151391
151446
151490
151540
151794
15185
15186
151914
15208
152135
1522377
1522923
152304
152393
15258
15263
152745
152835
15284
152943
1530875
15318
15347
15380
153864
15389
15390
15402
154200
15433
15436
1544122
154525
154531
154562
154582
154656
154764
1548092
154833
15484
15486
15488
154902
154925
155
155003
155132
155133
155341
155519
15555
1556
155685
1557
155748
15575
15577
155824
155895
15590
155992
156007
156022
156374
15647
15654
15676
156965
156982
157085
157107
157115
157123
157320
157382
157384
157394
15770
15789
15791
15809
158093
158136
158144
15822
158281
158442
158908
158999
159015
15909
159092
159276
15936
1594
159407
15942
159587
15974
160046
160070
160128
16016
16020
160405
160425
16061
160661
160790
160794
1608
16081
16085
160986
16126
161273
16146
16151
161554
161594
16178
16208
162103
162145
162344
162352
16237
162486
16249
162510
162577
162614
16263
162676
162686
162702
162712
16272
162723
162791
162792
1628
16299
162991
163017
163036
163068
16311
163147
163236
163238
163347
163355
16347
163924
163959
1640
16411
16412
164127
16433
164421
164693
164785
164931
164979
165009
165016
165023
165095
1652
16538
16553
165625
165854
165868
166468
166472
166526
166528
166556
16662
166704
16686
1670
16723
167284
167635
167810
1680
168194
168295
168348
168391
16857
16866
168705
16871
16878
168808
168891
16894
168952
169147
169161
16923
169252
16939
169428
16958
1696
169796
169854
169869
16994
169946
170477
170623
170646
17082
17091
170979
171045
171085
171297
171432
171563
17179
17180
17185
171853
172011
17227
1726
172807
17295
173029
173047
173205
173494
173541
173653
17386
173962
17417
174224
174341
17445
17456
174709
174745
174759
17481
174838
175125
17529
175331
175502
175518
175525
175574
175602
175689
175692
175693
175716
175764
175869
176000
176032
176219
17630
176407
17654
17657
17665
176691
176704
176721
17687
17692
1775
177572
17773
177888
177923
178103
178272
17845
178516
178695
1787
178751
1790
17906
179150
17917
17921
179473
179868
179880
179921
179930
180011
180147
180305
180951
180965
181111
181132
18118
181196
18131
18146
1815
181553
18181
18193
18209
182129
18221
18230
182921
183175
183247
18333
183331
18352
183725
183932
183957
184341
184363
184380
184395
184405
184407
184435
18444
184448
184465
184480
184507
18465
184795
1848
184862
184882
184894
185050
18506
185111
18513
185181
185689
18585
185935
186166
186193
18628
1863
186361
18639
1864
18645
186629
18671
186738
1868
186813
18682
18684
18686
18688
18693
187164
187448
187596
187744
18785
187856
1879
18809
188110
18812
188165
188219
18841
18860
18874
188762
18879
1888
188846
18887
188927
188981
188987
18900
18906
189214
18928
189426
189433
189621
189654
18972
189727
18987
18988
189937
189977
19001
19006
19008
19009
1901
190101
190107
19011
19013
190163
19019
190278
19029
190361
190373
190496
19054
190625
1910
191132
19119
19129
191384
191413
191429
191523
1919
19203
192566
19259
192899
19293
19298
193372
193487
193497
19354
19365
193652
19383
19405
194162
19433
19434
194483
194485
19458
194798
1950
19501
195065
195075
1951
195169
195416
195450
195471
19564
195656
195764
19590
196024
19614
19649
196813
196846
196929
19724
197467
197498
197505
19753
197647
197796
197918
197936
197950
19827
198558
198570
198672
198782
198794
198890
19893
198981
199072
19912
199194
199420
199460
19951
199514
199634
1998
20009
200144
20033
200654
2007
2008
20088
20092
200923
201085
201231
201374
201634
201967
201973
20216
20238
202436
202443
202537
20283
202875
2029
20296
203021
203089
203090
203093
20312
203273
203531
20372
20377
20379
204
204092
20413
204232
20439
20472
204812
205126
205212
205251
20530
205349
20544
20545
205490
205588
205891
205898
205912
206034
20618
206183
206213
20622
20625
206674
20701
20718
207249
20726
20758
20760
207618
207681
207853
208009
208277
208296
20848
208510
20853
208869
208917
20898
209232
20927
2093
2095
209505
209535
209677
209764
2098
20982
210071
210140
21033
210357
210381
210726
211256
21132
211796
211914
212097
212103
212622
212721
212787
21297
213115
213118
213299
21335
213493
2135
21352
21356
21376
21382
21410
214167
2142
21442
214559
214620
21469
215
215032
215056
215180
21533
215398
215400
215597
215685
2157
215946
2160
216134
216176
216358
21665
216707
216730
216753
217085
217341
217411
217565
217602
21765
217890
218381
218500
21891
219244
21925
21930
219579
219581
2196
219814
219924
22004
220271
220353
220436
220933
22100
22140
22152
22176
22183
222
222258
22242
222560
222605
2227
223022
223028
22307
22317
22327
223578
22377
2239
22411
22430
224385
224429
22447
224600
224778
22503
225409
22549
22553
225534
225606
225738
22583
225852
22586
22596
22650
22657
2267
226810
22683
226936
226979
227262
22728
22749
227637
227877
22797
22832
228326
228355
228539
22913
229146
22937
2295
22954
22956
22968
22970
22985
230048
230280
230291
23050
23055
23069
23101
23127
23128
23165
232083
23237
232454
232527
23280
232840
233180
23325
233320
23335
233438
2335
23356
233708
233710
234324
234325
234389
234424
234425
234430
234459
234464
234465
234523
234527
234528
234697
234748
234751
234758
234762
234818
234961
235022
235027
23506
235093
23537
235660
235746
235813
235815
2359
236009
236018
236063
236112
23668
236786
2370
23720
2373
23750
237584
237666
23776
237796
2378
23832
238330
238623
2389
239067
239210
23928
23941
239498
239513
239526
239536
239580
239804
240334
240581
24063
240833
240992
241001
241568
24167
24171
24173
241797
241919
242097
24223
24246
24248
242911
243187
243278
243294
24365
24397
24415
24438
24446
24449
244836
244901
245023
245538
245580
24563
245775
24582
24583
245913
24617
2462
24660
24666
24667
246749
24683
24732
24748
24771
24799
24805
24831
248555
248592
249188
249260
24947
249586
24977
250219
250278
2503
250676
250696
250734
251419
251449
251671
25170
251727
25186
251881
251968
252028
252143
25248
25278
253012
253105
253343
253363
25360
25361
25364
253815
25385
253851
25386
254004
254201
254298
254313
254384
25441
2546
254670
255
25503
255213
255225
25548
255494
25553
255627
255721
255936
25594
25633
25641
256743
256835
256961
257016
25704
257087
257089
25726
257261
25727
25741
257475
257553
25756
257716
25778
258058
258070
25838
258509
25852
258656
25867
258706
258767
258803
258893
258945
25904
259049
25908
259138
25919
259209
2593
259761
259904
259910
260454
261004
26121
261221
261419
261528
26155
261562
26162
261680
26170
261845
26186
26195
26252
262551
26285
262984
26299
26302
263118
263132
26328
26341
263416
263472
263547
26372
26378
2642
26422
264412
264482
2645
26460
264967
264972
265070
26517
26525
26531
26540
26558
26581
26595
266
266031
266229
26643
26655
26659
266697
266856
26686
26690
26699
267048
26731
26744
26752
26768
267805
267860
267874
267963
26820
268227
26836
268690
26884
2690
269089
269125
26947
269509
270043
270045
270046
270055
270062
270112
270172
270303
270313
270406
270458
27047
27093
27105
271197
27146
271561
271572
271674
271795
27185
27197
27201
2721
27245
272600
27261
27297
273196
273235
273248
273477
27398
274068
27407
274102
27425
27440
274479
27470
27472
274854
274862
27496
27497
27501
27502
27503
27504
27519
27594
276175
27644
276525
27669
2769
27710
277218
277261
277396
27777
27815
278247
278284
27831
27834
278909
279136
27922
279276
27966
27978
2798
27983
280180
280182
28025
28040
28050
280509
28053
28061
28063
28064
28069
28073
28089
280922
281
28111
281338
28141
28144
28145
28166
28167
281783
281957
28240
282413
28276
28279
282812
28287
282963
28308
28314
283445
283601
28362
283698
283749
284249
284279
284289
28430
284440
28468
28480
284804
28482
284875
28497
285
285043
28522
28525
285413
28569
286217
28663
286842
28690
28696
286987
28699
287084
28721
28733
28742
28752
287523
28753
28766
287787
28813
288171
28850
288710
288818
288881
289423
28974
28978
28981
2899
29048
29049
290865
291015
291091
29112
291188
2912
29121
291215
29140
29146
291642
29166
29175
291860
29191
292
292086
292109
29211
292218
292238
29230
29233
292523
29269
29290
29351
29363
29369
29381
29398
29402
29414
29418
29419
29466
29471
29501
295152
295237
29562
29579
295830
295834
296012
296025
296236
296524
29695
296991
29710
29715
29722
297239
297265
29741
297605
297721
29778
29786
29790
297961
2981
29835
298621
298833
298835
299264
2993
2994
299536
299551
29968
299782
299796
299847
300140
3004
300502
300601
300605
300669
300839
30086
301
301001
30131
301325
301351
301355
3014
301494
30159
30195
30197
302
3024
302436
3026
30286
30298
30301
30304
30312
303873
304371
30491
30500
3052
3054
3055
30563
3060
306011
30636
30642
30645
306650
306819
306974
307285
307692
307702
30775
30809
30826
308266
3083
3084
308403
308531
30927
30935
3098
31001
31013
31015
3104
31048
310577
3107
31101
311012
31104
311040
31124
31125
31129
31201
31208
312101
312221
31257
31260
31267
31277
312804
31287
31293
31344
31345
31377
31383
31392
314029
314285
314385
31439
314420
31451
3146
3149
315015
31510
31530
31560
315860
315940
315965
31597
315986
316042
31609
316246
31634
3164
31675
31678
31681
3171
317114
317560
317735
31822
319089
319323
31935
31937
31938
31965
319841
31995
319995
320048
32068
32073
32078
32089
32091
32113
321130
321377
32151
32160
321666
321827
32205
32243
322518
322885
32290
322994
32325
323260
323304
323369
323370
323384
32352
323660
32388
32395
323974
32428
324453
324568
324764
324803
324807
32486
32489
32563
32575
325844
32585
325892
32610
326146
32617
32625
32628
32636
32646
32649
32689
32691
32716
327255
32726
327331
327558
327877
32831
328483
328796
32953
329540
329583
32969
329814
32982
33015
33017
33029
33030
330395
330420
330537
33060
330993
331044
331219
33157
331576
33166
332018
332060
332126
332405
332416
332704
333021
333089
333545
333596
333657
333674
33382
33386
33387
33407
33436
33438
334394
33445
334543
335
33510
33511
33564
335708
335735
335805
335970
335988
336000
336201
33630
33647
336691
33673
336748
337154
33723
33736
337389
337677
337706
337711
337880
33796
337995
337998
33821
33839
33870
338797
33954
339566
33998
34006
34015
340190
340227
340275
340601
340616
34078
340816
341023
341077
341087
34131
34148
341735
341790
34186
341889
342043
342179
342183
342281
34288
342898
343078
34308
34377
343934
34449
344492
34467
344743
344794
34496
344974
34528
345628
345699
345919
345921
345934
345938
346034
346244
34626
346384
346494
346652
346671
34672
346910
346963
346965
34707
347201
34733
34756
34760
347666
347751
3481
3483
348536
348537
348668
348678
348811
3489
34937
34996
35008
35016
35031
35040
35043
3509
351095
35114
35126
351281
35129
35139
351454
35166
35170
351819
35185
3520
352187
352327
352548
352582
35284
352917
352960
353104
353126
353257
353593
353610
35384
35405
354177
35432
354357
3545
354623
355131
355595
355600
355659
35595
355992
35616
35620
35631
35637
35671
356846
35697
35720
3575
357563
357851
35810
35819
358403
35847
358511
35881
358982
35907
359108
35920
3598
359805
360139
360412
360606
360635
360695
360982
36108
36125
36167
361743
361758
362046
36206
362111
362256
362373
36245
362467
36250
362637
36265
36267
362703
36277
362860
362998
36324
36357
363579
36361
363629
3638
363838
36419
364220
36430
364305
364433
36446
36495
36514
36530
365452
365786
366017
366037
366171
366505
36656
36662
36683
367502
367544
367807
36799
368006
368256
36855
368757
36878
3688
369054
369059
36917
3692
369216
36922
369230
3693
369394
369560
369621
36963
36965
36979
37023
37042
37053
370628
370813
370835
371042
37108
371442
37172
371841
371865
372234
372387
37280
372821
37292
372921
37305
37308
37329
373451
37358
37376
374052
37408
37419
374195
374301
374461
37461
37464
37481
374973
375290
375539
37555
37557
37568
375785
37579
375798
37598
376004
376036
376244
376257
37662
37682
377117
37721
377213
37724
377281
37737
37744
377587
3777
37775
378092
37816
37821
37834
378385
378483
378567
378631
37873
378932
37910
37931
37942
37954
37964
37978
37986
380075
381069
381073
38120
381284
381399
38154
38172
38173
381765
38183
382220
382400
38260
382890
38321
383454
383511
38360
383623
38371
383748
38377
38380
38386
384086
38427
38442
384500
38455
384664
38535
385363
385822
38588
385906
386172
38637
38655
386630
38664
38670
38715
38727
38728
38768
3877
38775
387806
387848
38787
387892
38792
38808
38810
38830
38842
38846
388468
388666
38898
389053
389323
38946
38950
389644
39005
39018
39029
390845
390874
39093
39110
39125
39128
39129
39158
391912
39209
39210
39214
39225
392572
392615
39262
39288
39295
39309
39318
393834
39391
39393
39410
39428
39463
394755
395274
39555
395797
395942
396330
396774
397366
39768
39771
39779
397852
397992
398173
398188
39820
39828
39861
39863
39869
39890
398943
399218
399359
399363
399827
400101
40030
400329
400411
40047
40060
400610
400650
40089
40091
4011
40111
401200
40140
40141
40149
40160
401687
401981
40205
402453
4025
40252
402688
402900
403220
403330
403431
403537
403838
40423
40430
404524
40459
40485
40504
405191
405312
405388
405465
405535
405551
405894
406000
40642
406761
406848
40686
40688
406898
40700
40709
407128
40760
40767
40787
40818
40850
40858
408620
408755
409
409122
40924
409317
40933
409387
40987
40997
410028
410118
41012
41018
410331
410494
410518
41054
41070
41084
411
411201
411221
41141
41144
41186
41189
41204
412188
41225
41248
412519
41264
41294
41307
413337
413349
41348
413690
414067
41415
414187
41426
41430
41431
41446
414792
415010
415086
415137
415311
415358
41541
41550
4157
41574
41608
41628
416724
417028
4173
41749
417830
41820
41821
418389
41857
41861
418827
4191
41922
41957
419635
419639
420634
42146
421560
42169
42172
421761
42179
42193
421987
422
42204
422046
42206
42208
42246
422619
42279
422792
42296
422972
42302
42329
423414
42345
42348
4235
42359
42363
42366
42368
42407
42414
42432
42435
424389
424694
42506
42508
42540
42557
425682
425716
425751
42597
42602
42605
42607
42609
42610
426166
42619
42620
42622
42623
42626
42627
42628
42630
42631
42632
42633
42634
42635
42636
42637
42641
42645
426479
42648
426484
42649
42650
42661
426808
42685
42686
42687
42688
42694
426976
42700
427008
427025
42717
42720
42721
42732
42780
42788
42793
42795
428015
428020
428260
42837
42853
428862
42894
429
42901
42904
429476
429617
429657
429691
42973
42984
42986
42992
42995
429976
42998
43001
430011
43004
43006
43010
43013
43017
43020
43029
430306
43033
43036
43040
430446
43051
43069
43071
43086
43089
430993
431006
43106
431071
431135
43114
43138
43141
43144
43157
431643
43193
43233
43236
43239
43241
432627
433056
433247
43342
43348
433808
43390
43392
43393
43394
43407
434134
434203
434418
434421
434438
4349
434966
435050
43535
43618
436334
436356
436391
436775
43681
437
4371
43716
437316
437739
43778
438146
438259
43836
43850
43855
438623
43864
438689
4387
43870
43874
438790
43912
43962
43994
43995
43996
439988
440
44000
44006
44097
4410
44105
441339
44140
44151
44159
44164
441894
44198
44239
442419
44246
44266
44284
44293
443109
443319
443849
44389
44398
443985
444397
44446
44450
44458
44459
44463
44470
44478
445030
445054
44510
44522
44538
4455
44592
44662
446807
446894
44692
44694
44711
44719
44721
447229
447273
447277
447665
44783
4485
44870
44871
44873
448776
44919
44931
44967
4497
449811
44999
450001
45009
45047
45083
451
45138
45169
451751
45189
451918
452037
45211
452162
45243
452571
45265
452691
452913
45325
453272
45335
453690
454033
454312
45441
454467
454527
454615
4547
454914
45518
45522
45537
45559
455592
45565
455783
455842
455847
45598
456022
45627
45631
45682
45690
45691
45694
45713
457581
45776
4578
45781
45802
45803
45807
45817
458342
458423
458594
45864
4588
458877
458987
459
459003
45912
45935
45939
45941
45943
45945
45964
45976
459910
459947
459950
460064
46015
460162
460279
46029
46039
46045
460508
460555
460668
460713
46076
460793
460846
4610
461108
461218
46134
461352
46212
46222
462357
462477
462677
462752
463001
46315
463272
46358
46367
4638
46404
464043
464052
46423
46446
464745
464870
46495
46498
46513
46531
46570
4658
46588
46591
46594
466282
46643
46655
46659
466673
46688
46709
46724
467244
46732
46738
467431
467660
467675
46768
46776
467867
46787
46789
467909
467916
46796
468219
46844
46872
46918
46971
469722
46990
47001
470044
470052
47056
4707
47081
47104
47117
47143
47145
471616
47167
47168
47170
47176
471789
47184
47189
47206
472226
4723
472338
4727
472744
47278
472838
4729
47296
473258
47342
473423
473430
47398
474051
474331
47436
47451
47517
47525
47549
475557
47571
47575
47576
47579
475961
476046
47608
47617
47626
476299
476634
476929
47703
477036
47720
47784
47794
47796
4781
47818
47831
47844
478508
47851
47884
478860
47900
479018
47903
47916
479226
479490
479718
4798
47993
48000
480007
480403
480603
480681
480823
481157
48128
48136
481370
48150
48169
481760
481811
482981
48318
483407
48346
48350
483552
483863
483983
484008
48412
484428
484432
48453
484594
484638
484907
48500
48515
48564
4857
486011
486101
48611
48612
48625
48638
48688
487004
48712
487242
487387
487476
487491
487672
48831
48855
48905
489064
489138
489162
489204
489243
48933
489418
489755
489763
489928
489982
490001
490004
49018
49021
490225
49084
490862
49101
491035
49112
49182
49186
49190
49203
492105
492577
4929
4930
49308
493099
4931
49314
4932
49327
4934
493488
49368
493686
49370
494373
49439
49452
49456
4946
494628
49479
4953
495507
49574
495766
49580
49583
4959
495925
49595
49597
49633
49635
496450
496527
49679
49687
49742
49743
4977
497727
49776
497796
497802
49781
49782
49809
498155
498162
4982
498301
49834
49849
49872
49877
49885
49887
498934
499088
49918
4992
49921
4993
49930
49935
49938
499701
4999
499930
500104
50013
500270
50031
500321
500494
500682
500727
50086
50089
50099
501190
50182
501902
50197
501989
50207
502141
502167
502292
502345
50300
503346
503417
50372
50433
504605
50467
505003
5055
505579
505593
5056
505642
50567
505747
50611
50619
506509
506863
50696
507076
50759
50791
50805
508101
50828
508439
50854
508648
50868
508822
508935
50896
50897
50902
50903
509109
50917
50919
50925
50926
50948
50951
50958
50968
50970
510034
51010
510465
51074
51079
51092
51104
51143
51166
51205
512239
512356
51263
512770
5128
513324
513347
513409
51364
51367
513919
51411
514207
514547
514593
514619
5147
514743
51481
51508
515114
515195
515353
515596
515725
515917
51725
517327
51736
517380
5174
51759
51782
5179
518045
51808
51825
518452
518500
518502
518896
51892
519182
519465
519722
51981
52012
52027
520758
520901
520951
52122
52124
521353
52168
521777
522402
522449
522627
522681
522924
52302
52359
523849
524175
52480
525020
52520
525200
525395
52541
52571
525937
526019
526034
52626
52661
526702
52686
52728
52744
528085
528484
52867
52885
52916
529207
529216
529358
52952
529580
52959
529649
529962
529981
52999
53006
530180
530294
53036
53063
531219
531306
53167
531837
53210
532169
53224
53231
532408
532635
532838
532865
53318
5335
534
534023
534038
534072
53430
53452
534597
534928
534937
53501
535167
535396
53571
53572
535987
536208
536434
53648
53654
536554
53670
53701
537138
53765
537880
53797
53801
53854
538751
539
539042
539441
53949
539517
539529
539565
539649
539926
54006
54011
54022
54045
54050
54054
54094
541134
541305
541660
54197
542
542202
54221
54241
542602
54273
54280
54281
542931
543
54333
54352
543583
543753
54392
544
544022
544415
54464
54477
54494
54503
545083
54541
545567
545612
54575
54615
54619
546630
546728
547265
54794
548
54850
548568
548682
548754
548755
54919
549313
549559
549590
54965
549690
54971
550073
550148
55018
550205
550293
550440
55080
550988
55102
55116
551271
55152
551641
55167
55181
552004
552322
552687
552990
55305
55316
55317
553839
554576
554596
554678
55472
55498
555058
55550
555530
555604
55589
55604
5562
55663
556694
556867
55694
55721
557642
55786
557946
557968
5589
559281
55936
5594
55955
55957
559957
560044
5608
56092
56125
561325
56147
561605
561627
562102
56233
5625
56254
56268
56277
563067
56354
5636
56369
5638
564140
564149
56429
56477
56482
56500
5652
565348
56546
565840
565918
565926
56599
56625
566810
566914
567220
567598
56761
567910
567939
56800
568467
5686
569118
569499
56978
569947
57022
570352
570465
57118
572
5721
572123
57216
57233
5728
57313
57355
5742
57499
575100
575222
575446
57563
57590
57601
57665
577022
57707
57737
577922
57800
57857
57875
57879
579
57923
57926
579583
580532
58088
58094
58143
581475
58149
581526
581600
58188
582309
58233
582912
58293
583095
583268
583337
583345
58361
58421
58446
584795
585077
5851
58513
585240
585511
585759
58586
58595
58612
586460
58658
58659
586602
586813
58704
58736
587384
587412
58749
58752
58767
588001
588226
58833
58843
588648
58868
589367
589615
589980
59037
59048
5905
59121
59127
591634
59178
59197
59199
59210
59231
5925
592660
59273
592983
59300
593214
59332
59387
59402
594188
59431
594694
595586
595743
59726
597890
597922
59802
598331
599
599281
59930
599521
59990
599960
6003
60047
60067
60077
600987
6011
601701
6020
60228
60315
603651
603772
60399
60410
605153
605734
6058
605801
605886
605900
606117
60617
606441
60647
60660
60669
60747
608331
60850
60897
60898
60908
609271
60938
60984
610150
61032
61044
61047
61050
61105
6114
611636
611698
61182
6122
612515
612706
613
61314
613361
61391
613911
614
61411
614205
614828
61485
614933
615
615165
61535
6155
61550
615678
616037
61643
61644
61689
61703
61711
61765
617772
618162
61825
618911
61892
619263
619443
619803
62
620249
62036
62043
62086
620897
621191
62156
621757
62214
62215
622469
622841
62297
623491
623631
624484
62459
624812
624995
625248
62545
62570
62571
626
626359
626393
62661
626735
626872
62759
62842
628446
629028
63004
63015
63024
630240
630766
63083
6309
63100
63107
63171
63179
63180
63194
63197
63207
63213
632304
63265
63291
63293
63306
633515
63374
633951
633954
63403
634336
634429
634649
63486
63579
635891
635910
63624
63636
636560
63665
637014
637053
63718
637895
637920
638186
6382
638806
63888
638960
63958
6396
639609
639721
639737
639965
640521
64103
64160
641960
642
642208
64237
642538
64266
64277
64293
643
643215
64349
643586
64398
64404
64414
64525
64591
646097
64624
64628
646473
64650
64651
64669
64714
64796
64809
64828
64831
64834
648371
64854
64866
64869
64875
64876
64877
64890
64904
64936
64955
64961
649985
65012
650360
65049
65092
65203
6523
65283
6529
653
653665
653746
653752
65458
655297
6556
65591
65642
65651
65713
65722
65755
657811
6585
6587
6589
65902
65946
65991
660004
66027
66039
660717
66086
66087
66098
6610
661286
66129
661374
66148
661690
661950
662244
663566
663712
664236
66449
664574
66466
66475
66488
66537
66560
66608
666942
667257
66763
66767
66798
66800
66812
66836
66852
66877
66898
66914
669400
66956
66965
669653
669654
66975
669770
66985
67
670266
67047
67062
67083
67111
67112
67113
67125
67158
67175
67217
673121
67314
67319
67375
673876
67390
67409
67411
67440
67443
67445
67446
67451
67496
675
67501
675308
67555
67586
676
67659
67667
676710
676838
676840
67696
677638
678314
678320
67849
67955
67975
680017
680398
680631
68095
68148
68160
682254
682507
68309
683361
68429
68443
684684
68478
68516
68545
68569
68594
68627
68632
68642
686487
688
68816
68823
68841
68850
68919
69059
69065
69105
691179
69131
6914
691683
69355
693853
69413
69590
695962
69631
69635
69645
69798
698215
69851
69882
69892
69912
69928
699280
69931
700
70006
70028
700391
70044
70074
70076
701
70180
70191
70197
702699
702920
70349
70351
703745
70409
70411
70422
70435
70449
70480
70496
705
70538
70555
705715
705861
70588
706005
707103
707243
70734
70744
70748
707886
70845
70876
709631
710157
71067
71116
71189
71233
71241
712608
71303
71336
713704
71376
71395
714
714011
71402
714869
714888
71504
715370
716309
71676
716810
71701
717042
71719
71720
717676
717980
718012
71886
718949
71921
719256
72011
7210
72100
72105
72121
72132
72309
7233
72479
72491
725201
72564
72585
72640
726888
72693
72717
72720
72754
72768
728136
72838
72898
72901
72904
7295
729713
730251
73027
73065
73104
73174
73317
733317
733508
734265
734282
7343
73462
73553
73562
73575
73588
73604
736074
73612
73629
736509
73672
73695
737288
73740
73753
737795
73858
73911
73936
73969
739993
740049
740966
741067
74130
74183
74197
743058
74333
74349
74353
743921
74403
744114
74437
7445
7446
744733
745078
74512
74530
74536
7454
74542
74544
745611
74657
74702
74703
74705
747349
74764
747688
74809
74829
74839
74852
74862
74878
748853
749645
74965
749727
74982
75048
7507
75074
75086
751126
751237
7515
7516
75162
752564
75258
752623
753
753601
754067
754934
755529
755977
75736
75748
757660
757750
75793
75804
75829
758866
758879
759
75947
759507
75958
75966
760099
760154
760161
760336
760517
76084
76131
76140
76147
76207
762079
76234
76238
76248
763144
763165
76317
76321
76344
763788
76382
76418
76449
76464
76486
76494
76550
76551
76565
765822
765967
76639
76647
76648
766507
76685
76697
76702
76703
76714
76722
76745
76750
76755
767553
76775
76777
76785
768089
76818
76833
768447
76929
769636
770156
77022
77026
770684
770992
77109
77124
77158
77166
77173
772071
772515
77304
77333
77350
77351
773736
774752
77499
77507
77508
77571
77594
776654
776909
77744
777573
77771
777831
777950
778
77870
77873
77882
77889
779047
779157
779611
779782
779812
780609
78078
78092
78117
78128
78159
782044
782054
78222
78229
78294
784
78456
78460
78461
784651
78482
78491
78515
785199
785545
785663
78572
786892
78708
7873
787752
787767
787791
787868
78802
788672
788977
789
78998
790493
790519
790894
791
79101
79192
79210
792149
79254
792614
792775
79299
793002
793285
793430
79364
793723
79386
79397
79401
79433
79467
79468
79524
795410
795635
795859
796158
796256
79634
796891
79701
79755
79757
79771
79827
79836
79863
79866
79880
799375
79971
79995
800301
80044
800937
8012
80146
80147
80153
80168
801691
802065
80236
80244
80314
80329
805
80571
80650
80687
8069
8070
80708
807185
80766
80767
8077
807867
80805
80809
8088
8090
809140
809336
809488
809717
80988
809910
810171
81042
81046
811941
812037
812173
81270
81310
81315
81401
81409
81421
814215
81434
81437
81446
81464
814853
81486
814972
815
81507
816904
81697
81787
81789
818110
818192
81831
818356
818511
81867
818750
81900
819277
8195
81987
81993
82027
82028
82036
82040
820446
820609
82063
82069
820709
820912
82098
821133
82116
82132
82145
821493
821510
821890
822
8220
82221
82255
82283
82309
823464
82379
82397
824281
82460
82485
825252
825422
825805
826
826113
826749
82690
82693
82695
82744
8275
82773
82779
8279
827991
82824
82833
828558
8286
82884
828936
829165
829557
829560
82966
83015
830764
830784
83099
83116
83121
83122
83123
83124
83136
831410
831438
83188
832359
832502
832964
833097
833420
83355
83356
83359
8338
83382
8349
83531
835767
83579
8359
836
8363
83655
83659
83663
83706
8372
8373
83820
83830
83896
83899
83902
839440
83963
839727
84030
840326
84058
840882
8409
84119
84131
84160
84164
84210
842356
842544
842931
842942
842945
84309
843380
84360
843794
84385
844043
844404
844417
84449
84480
84481
845111
845404
84564
845875
8460
8461
8462
84635
84636
84655
846778
846779
846789
846818
847208
848058
848067
848181
84823
84839
84844
848818
84884
848886
84899
84954
84956
84972
85002
85053
85187
85198
85233
852427
852432
852438
85247
852758
853332
85363
85392
85395
85398
854323
85461
854765
85479
85498
85504
85510
85514
85519
85521
85557
85640
85644
856496
85689
85692
857451
85747
85765
85803
85807
85847
858485
85852
85853
85857
858815
85962
860135
860278
86048
860854
862
86201
862435
86244
862552
86284
86302
86305
863814
8643
864390
86472
86473
865370
8656
86586
866346
86655
8676
86760
86763
86767
86785
86816
869291
86955
869597
869855
870096
870360
870404
871
87116
871547
871964
87202
87203
87208
87212
87267
87270
873129
87339
87349
874144
8743
87436
8747
87472
87487
87496
87503
87587
8766
877013
8773
877619
87827
878361
87911
879538
879689
88018
880313
88051
88057
880841
881239
88158
881594
88176
88203
88252
882598
88302
88359
88395
883954
88421
884315
884363
884452
88463
8850
88504
885266
88535
885583
88564
88580
88591
886
88726
887321
887609
88797
888286
88940
88947
88949
889675
890245
89092
89185
89199
89326
893712
893752
89418
8943
894432
89492
89555
895659
89604
89623
89642
89647
896499
89653
896536
89675
89681
89708
897192
897374
8974
89800
899535
89993
90001
90021
90022
90027
901121
901563
90277
9028
903
90326
9033
90342
90395
9041
90421
90523
90540
90562
90563
906126
90634
9064
90755
9089
9095
90953
91063
91094
911
91103
912
91208
91210
91225
91245
912499
912520
91268
91276
91282
912908
912916
91380
913845
913851
91419
915892
916
916053
91613
916224
91624
916423
916728
916740
916821
91737
91756
91923
919873
920125
921353
92215
92247
922955
92297
92375
92378
923787
92402
92426
92465
92562
925779
925856
926516
926680
92676
92690
926916
92699
92705
927107
92713
92719
92729
92745
92750
927774
92788
92798
928270
928381
928391
9288
9289
92927
92937
929449
929590
929633
92984
93
930564
930921
93094
931
931599
931628
9318
93189
932498
933
933131
933255
933260
934201
93458
934627
934641
934761
93507
93526
93528
93562
935903
935906
9360
93619
93627
93630
936386
936960
937315
93752
93758
937941
938
938133
938614
93862
93863
938858
93888
9389
939
93929
93950
939914
940417
94068
942058
94228
94249
9426
94344
944401
94459
944625
944824
94512
94527
9453
945937
94655
9466
94662
94663
947
94709
94716
94737
9474
94831
948333
948713
94874
949229
949580
94959
949903
949983
950
9501
95010
95115
95140
95169
9526
9527
953300
95348
953542
95359
95404
95407
95410
9544
954802
9556
95562
955644
955916
956
95600
95612
956502
95653
95659
95669
956862
9569
9570
95727
95730
957452
95755
95764
957691
958197
9584
95845
958487
958978
95954
959558
9598
960258
9603
9604
960469
96144
96148
961769
962
962192
96255
96395
96419
964426
964819
964822
964877
964909
964960
965150
96538
9660
966086
96648
966822
967
96717
96823
96846
96944
96951
9705
9707
9709
97105
971699
971968
972614
972619
97318
97327
973468
973778
9738
97421
974453
974586
9748
974878
9749
97535
975419
97622
97666
976699
976734
9768
977000
977013
97716
977177
978027
97887
979275
97936
979473
97963
97989
9802
980296
9804
98085
980996
98122
981314
981848
98200
98203
982467
98248
98252
982620
98273
982813
98289
9829
98306
98328
983282
983793
9840
984101
9844
9847
98477
985102
98600
98634
98636
986812
986843
988
98914
99008
990204
9905
99099
99102
991247
992277
9927
9929
9932
99329
99377
994025
99419
99457
9947
994751
995
995012
995133
995169
995805
99582
996067
996154
99620
99624
99662
997120
997162
99751
9976
99802
998587
9986
99861
99873
99875
998845
999243
9993
999644
999677
999812
