363579
401687
411201
408755
375798
378932
385363
430993
378483
267860
400610
374461
382220
412519
409387
386172
296524
396330
418389
399359
284564
284052
422600
406808
428229
408203
396920
384243
313369
291805
374416
381693
369779
322986
374464
356464
334533
417501
413770
364410
414935
382581
383367
421848
381767
127380
394684
408151
378356
384127
390512
427719
375366
433157
382591
345911
207936
401442
419548
409366
339116
374440
399641
350060
397003
267935
355254
377186
376659
421631
384737
391757
406992
329718
346651
422514
426670
340103
326285
259694
382638
283366
433562
413600
264400
422991
403429
371741
331962
390401
374739
348677
403064
406107
388243
425664
392788
300671
421625
234004
403642
330483
302401
408299
414690
392058
419627
376534
405197
407559
395119
397243
382501
393134
397520
396232
339419
364002
318850
374173
384594
390734
416569
377448
313297
381890
391711
425193
291870
297761
278924
274870
410199
417587
306966
414202
373479
447664
412150
324668
387893
332718
366924
393861
381356
375564
394412
428099
399311
393732
439466
271110
365194
417565
483558
480614
480488
324552
418833
463016
428125
408483
477274
480410
517769
271715
475946
341174
432799
465545
443700
442117
436285
354287
393306
429733
468523
466320
353491
432605
414425
430354
462145
416051
444193
339877
354912
295693
454699
339964
464867
447061
335984
424284
490819
418970
414063
480210
428612
430450
444341
436339
458353
406385
141052
427564
326382
394117
450438
469721
443046
452698
460711
449503
434864
419140
426253
420707
474994
376134
392044
417579
420648
461763
341013
260514
440777
406990
366019
424488
353440
435601
432560
440355
459225
402243
395993
427348
427347
453661
452410
323368
406994
437463
426260
337170
315837
432972
433726
523446
430306
459950
427025
491035
346034
396774
364220
436334
425716
459947
481811
291188
435050
351281
472838
431071
403119
454417
420622
477776
473637
448172
478639
455714
479613
449365
406535
347984
451644
474170
459828
482629
282035
474977
446130
390062
442081
408648
370663
488981
452910
390054
382127
426259
442896
448252
538881
419479
453203
426257
449498
395991
469877
432942
315635
449856
479924
315840
470836
408220
450932
428292
301334
400136
446044
435352
595158
433630
466169
412758
458083
422821
412678
419430
375580
419511
487638
291276
452558
458294
453023
421471
432618
411405
447447
452030
480950
432836
426284
438817
430421
494903
429727
467239
425298
466172
449415
461762
476724
350312
443109
381765
406848
455783
419635
444397
371042
421560
432627
415010
433247
402688
479490
453272
417830
451751
460846
464870
434203
403431
460508
469722
486011
415086
436775
480403
429976
473258
437739
489204
460793
433808
438790
443319
336000
464745
445030
487491
346652
462477
399366
335788
467414
421447
466870
406997
484886
414770
460094
336890
423414
489755
346671
455847
490001
335988
436391
441894
480007
472338
397852
494373
467675
461108
274862
508822
414792
467431
538751
483407
464043
487387
397992
428862
452571
433056
462677
301355
439988
425751
529358
292109
455592
438259
479718
483863
317560
324849
440374
460580
475249
451156
442056
432985
428365
434076
454889
487047
362585
477447
449758
475829
453289
431819
446037
476131
458803
316029
460648
126889
486329
437620
508404
455551
434757
418588
429107
454854
428519
438455
393172
483554
305344
429238
398926
335360
268531
431892
479016
444705
474587
469211
468690
481871
452016
451500
381064
417432
355196
396777
480623
453270
469779
305470
488623
472921
468528
442824
455656
371003
446131
456162
462593
429952
365372
434119
411873
422347
403068
467539
450648
476275
428888
438421
473165
456538
457308
361787
488063
317091
464685
452551
471880
453807
438747
391713
348391
448541
384726
341050
375098
461708
432616
476195
449574
390061
461773
434337
423988
402582
447335
398947
490410
452294
421452
467377
449664
441762
454549
483737
438058
468212
460578
436828
429189
452024
207680
459159
479626
274857
416186
454546
460790
443119
488342
488262
487284
452531
395769
463602
464889
376440
464879
481359
427337
454776
426469
479475
458354
339259
490176
452073
432090
412302
371447
363992
442267
466614
438634
447236
413594
438493
479355
444424
434376
461942
435800
472094
444291
442266
464757
415401
453364
442160
488686
462146
353486
401484
437563
470472
471105
437103
429467
426238
430826
532794
166426
437291
451945
431530
502927
442094
420950
348389
469756
496031
466854
399404
450806
458335
461714
417678
441146
464678
464655
444902
403390
484510
428756
463353
429460
339692
433033
428707
455595
462883
451491
465242
398818
408266
454774
353575
443297
474974
436370
194522
418437
359940
468198
428586
446829
461053
451997
452507
413655
474985
417870
441023
472520
432068
425972
345914
462036
466300
360799
453191
413990
407531
437081
440143
482154
433029
482375
412059
447113
433471
354556
403964
470390
397442
480638
263115
428081
462385
416166
441647
443398
451764
464957
321757
401513
425336
483987
434080
357407
532636
471501
421443
403586
450253
411741
452068
395834
456611
461821
379019
457262
435107
397415
432131
374720
286538
605928
423422
390053
432139
394830
435921
449091
461078
466997
437033
420279
471608
429918
297762
455954
466129
441168
395992
435218
382614
463800
419835
459214
452196
473229
340270
411088
418533
466919
424510
333354
411549
321612
426230
355547
393345
479240
462455
442353
392982
475398
483253
382589
477313
426825
434234
413762
372782
410212
375334
435126
405204
441996
370301
537971
416530
339987
436120
438500
459283
382380
421628
353616
384680
431479
444090
181808
452557
472454
376658
447759
455411
393561
340027
422218
411019
362202
448194
349067
450875
464458
399031
316154
487848
433092
474063
548859
450149
455732
474982
561155
315205
378111
468202
438511
429195
501853
451899
462077
412200
137116
395814
472876
492282
471972
425942
470205
472110
470174
384620
475833
421044
460102
428495
429886
433422
455675
449461
399055
410207
439154
467391
400710
474585
463861
426228
438740
437311
430406
428585
438461
346648
439584
466874
461758
409195
440342
381289
419459
378236
477500
452187
463906
400552
408647
471413
428449
381009
406115
383709
444288
381283
367462
488067
480978
441909
470819
302150
458478
450975
417489
440597
55341
274855
408185
431259
445744
337339
435473
441881
433251
468844
453354
452323
428498
446045
477201
423087
467433
463940
379149
473507
436931
432789
491488
400638
468213
293167
431821
472404
426338
396810
413765
489567
401272
203835
373546
419700
474716
480572
427027
392271
443946
469095
363343
453274
421131
398175
445913
86822
467796
460227
451349
471609
400928
417320
437425
453759
392207
457837
479093
438348
422052
432887
434576
461083
444713
451499
399217
433128
434471
435737
432320
452773
476314
452970
436245
435707
356752
427257
488503
480948
438426
414190
440917
333384
449393
432613
431803
472035
487045
381288
340185
441646
379138
492258
464287
408616
437035
381033
390996
481192
468698
466557
480330
472388
333357
495398
444404
283984
339403
428446
428288
432784
306943
479308
396289
438347
412202
324538
412452
380764
340442
283995
480632
412904
444395
427023
484238
480702
436349
458641
488113
451654
424634
476889
432364
444539
406104
364733
474366
460962
411840
284053
397567
426240
430424
474659
448446
372979
434389
396386
382597
442943
433356
432025
494895
424585
383785
488446
390043
286003
485945
397601
365003
430474
540957
430214
490017
414453
439552
474568
456422
486865
345937
437297
343668
475375
466205
487620
426254
421386
413998
438301
447076
438478
432792
395982
432087
449754
411013
409520
364689
369894
346364
434371
464733
480651
417809
479834
324852
528755
76812
405815
448444
408873
464742
483551
426034
482600
435366
434986
456348
508839
396422
419680
401104
427900
477449
428323
365038
488508
474715
436459
269795
390747
396493
451474
47971
489420
468703
274165
456567
433498
468284
400401
423949
412547
339846
341287
462181
465171
495715
482750
472686
459957
429765
434758
437068
472640
346681
471493
472722
411287
438449
485612
264402
480308
420597
375542
428584
476781
392011
437633
475624
466876
465080
359228
281338
345938
442419
475961
529207
500321
406761
458423
299536
446894
486101
390874
555530
470044
515596
467916
507076
521353
529962
534937
567220
514619
522449
487004
493488
566810
473706
441717
475215
549301
439058
511443
551554
484482
536115
563730
518997
545634
454983
470878
507256
499394
468091
507732
497814
297725
401371
515042
500664
474335
467867
565926
424694
554576
523849
416724
460555
502141
543583
567203
519040
506596
472796
424783
569547
375791
567181
479040
534235
515875
523534
471856
485811
564766
437543
542424
502259
550172
567141
493551
389218
470918
533991
553610
466411
551809
517060
527435
520360
456929
399056
429742
438799
467482
452226
439015
565388
561318
469715
543768
533981
426563
460059
541100
550034
539504
498052
506971
451563
518749
538858
439079
535077
551758
448916
381237
530254
553884
417643
541042
510228
517991
500919
533534
505192
375588
523249
520788
537996
416494
440161
542781
420426
471853
447332
548537
496274
460071
436373
525938
501630
462550
534939
553045
483980
459616
387773
477489
381719
496328
450001
497796
569499
515917
420634
542602
459910
549690
489418
525200
490862
378631
478508
299782
497802
460713
506509
449811
537880
552990
518502
549313
529216
458987
513919
542202
476046
546728
513324
505003
480603
410331
545083
537138
520951
360920
464502
543988
517940
405774
522964
505723
532814
484862
484747
481942
497864
502799
513046
457435
501298
502074
513180
479316
466174
417261
492414
448557
518671
497626
553779
564147
504080
437586
399440
458005
503616
518158
504253
458969
592041
560704
454293
463325
494950
432524
463322
523931
435097
451676
396321
398826
399796
485166
549599
515047
490758
518668
537021
507220
489166
498214
539499
399725
556803
567767
434392
508632
535389
507411
540573
505262
517324
442062
511449
486520
554617
477634
496283
553796
544510
347392
297802
458737
554636
476926
507531
478157
543803
505914
663431
533743
438808
519255
548998
555590
522417
592742
507697
525455
506464
481984
433310
506763
552095
533509
534780
554972
474392
438145
550022
491629
10148
490818
447957
385332
510475
466703
552858
547116
478820
411143
503838
482150
500913
488453
549877
502164
456648
348350
504512
486225
514577
538610
383498
416673
480530
353576
500735
298096
514501
419473
580431
472553
523561
427032
429977
550134
489927
451204
471310
559700
554755
489939
541560
480531
433288
433694
336843
425194
500654
442249
482712
470229
516716
535437
507084
450766
552799
426865
469062
412061
338952
511972
477871
506068
505177
414191
467241
517582
529011
550032
452947
513574
531398
480100
517814
571446
347866
445456
513223
517129
499925
500244
623034
509563
523518
454283
446101
579517
534296
523997
517065
428589
477510
506492
513648
490794
484247
475220
490785
416194
454652
492550
504172
437375
522882
502426
560910
478417
471429
444000
512064
537347
412546
501628
455236
462347
549253
451919
419916
550385
514407
475094
407447
516532
495386
472025
515841
490594
525208
502422
461413
401469
521190
545957
428078
434555
508830
543688
284054
552746
457915
465914
512412
494974
496186
426543
477311
521113
550651
539397
311307
356199
523777
414454
540132
534515
524786
485296
514236
461928
496320
545052
531145
550655
558742
525453
407719
535809
421658
571346
490132
476968
507498
534366
492823
500705
545659
539985
510041
567604
546230
481203
526475
527729
517839
521509
499170
353066
516604
549936
514808
537406
425505
477042
485774
510276
550656
457041
470135
510088
511343
457136
400535
449443
548786
518497
324857
493909
422619
539441
481157
495507
548682
526034
460668
467660
529981
431135
498301
534597
474051
506863
470333
519729
535812
448432
558022
504599
558466
500833
515237
586334
557972
457685
562334
505945
407720
471878
529210
396806
510338
540841
514277
472734
458109
561546
458080
473326
488143
514558
505638
524736
363088
558655
489430
550035
475930
520596
460279
402900
468219
375785
592660
502167
414187
480823
472226
476299
559281
510465
532635
461352
530180
525937
529649
545612
463272
491418
526051
537617
444400
566949
500003
362676
492459
268896
532868
471706
549319
500831
433150
516592
429194
561297
530154
494407
394741
525554
483459
461615
337426
490349
505015
569367
490448
510055
546449
401478
447682
564297
559740
531712
448447
493620
345940
421920
345887
499128
506072
497411
498249
520736
531647
395990
511404
260513
537869
547491
534344
522531
499086
471860
550776
555249
538362
513650
300906
427641
415671
467956
503352
354279
505513
467673
463858
558305
459928
499191
466532
548204
563799
447743
338970
426618
493014
514124
401732
362826
371608
534313
472138
375107
445651
529646
541611
566494
487088
375786
543580
552504
407439
534789
458414
353081
445571
508642
422615
404368
510028
473149
449453
449575
514570
499816
418667
479315
429197
545742
512098
463116
570019
399402
468287
436494
541458
421792
548066
450489
519834
542905
592661
551947
462979
542038
497984
487741
552011
438590
563737
490780
455980
424201
535488
585997
520145
467519
496748
485336
539498
452327
348657
476197
502682
506407
532973
430644
500734
557181
490000
424139
511785
508422
542787
596386
385448
512916
338598
554305
442811
506053
483315
384677
455605
390059
510460
500848
472608
454650
499319
469055
538528
550023
465136
483455
490033
487670
506558
365240
493099
496527
401200
544022
484594
552004
549590
454033
518452
458594
443849
505579
489138
346910
493686
550073
497727
500494
466673
283601
499088
438689
401981
503346
472744
517327
489763
505747
565918
448776
539517
466282
538604
491584
533550
471515
278358
529982
521647
518068
550652
510095
518764
432527
522912
516784
426375
500475
471474
407436
508206
457943
500372
498945
370756
540468
370567
419743
492719
519120
507660
554153
460100
531208
523900
543103
485942
520814
516834
450994
449992
513427
525460
567691
551629
517320
467824
518772
480853
504056
483347
536056
500921
545143
475855
471858
513211
571622
463022
332562
533932
457712
544065
450608
447856
490445
517402
517331
500634
515916
505593
539926
352548
487242
550148
391912
430011
341735
484428
531837
477036
500727
345921
564140
513347
570465
541660
287523
561627
501190
489928
557968
429476
530294
518045
546630
569947
481760
489982
551641
765967
495766
430446
454615
534023
458342
515114
398173
476678
493675
455839
502166
460048
399131
339976
414001
300668
345942
507671
447757
387806
483983
447665
490004
498934
476634
483552
514547
525020
460064
495925
340601
476929
455842
487476
518500
547265
481370
564149
570352
454312
345934
438146
456022
438623
377281
424389
446807
471616
548754
480681
508648
484432
525395
474331
437316
400650
517380
528484
484008
555058
539649
557642
479226
416234
456165
333339
400155
399174
475007
373449
478308
436305
516698
396622
397113
553776
480394
339380
337167
486070
517298
535561
532321
493922
666265
510641
555850
516846
505916
335983
449020
460399
544431
454648
542476
517015
532645
494493
543326
455207
550030
400090
495193
514185
454286
417670
496316
562446
337676
570556
440424
432165
504903
551238
522915
519223
530023
351286
446170
543753
617772
489162
586460
626359
327331
661690
593214
475557
484638
565840
585077
499930
536434
539042
549559
461218
575100
636560
639609
717042
637895
637920
542931
575222
561325
565348
634336
498155
620249
504605
639737
500682
535167
535396
482981
515353
451918
369560
610648
516700
613689
569814
631021
501170
611914
545919
553608
548925
584556
513409
653752
345919
478860
588001
522681
553839
545567
567598
603651
501989
588226
498162
532838
628446
566914
567939
621191
612515
561605
589367
619263
499701
452037
604532
614488
609202
543493
420809
627474
576281
574074
525657
592230
626979
549053
595924
483202
575940
537734
583132
575923
625221
577091
604872
575405
466272
519121
536743
648163
329996
613349
500860
639065
571263
571482
610387
504631
479869
496967
299537
424651
638507
577970
635776
594673
637415
512200
585564
532649
566143
605373
440762
373571
582350
570131
565340
531489
615453
594345
463843
512901
608826
533642
660856
483906
505953
574188
287947
579245
595867
633187
520939
649401
605829
505940
538207
634524
478502
601131
551808
619271
574047
506902
679783
593029
505600
637865
616062
491854
481084
471506
582186
617986
611562
625450
455005
627715
644325
534490
501977
601313
521029
477657
581387
608398
480001
568908
679782
570741
537915
539819
543915
532327
591265
454610
454687
449562
587727
603094
472815
575771
541576
600348
528630
525946
630898
505941
523139
464504
599744
508664
639838
584242
698438
641481
544345
623634
465929
485882
514999
658854
604927
655505
503129
537140
543727
500922
637402
509598
582873
322520
587870
509853
530385
597080
509364
581531
537792
525661
463364
627076
331482
586592
655730
624779
530915
539050
428045
550506
567410
643866
616561
632931
581361
601835
509874
643236
487297
535092
582913
508763
613348
527176
612701
560192
633604
412117
565739
553600
514222
553002
531428
621476
608654
515724
538227
568091
592128
563489
559969
607822
492449
440444
543786
613090
531503
592348
545330
638238
511468
420817
577098
566367
531735
607197
543917
487083
369196
577489
587065
658087
591278
594634
522518
617342
511322
540709
571689
517764
606856
594697
532024
647076
492190
493066
508791
593240
582883
600751
594399
575458
566227
576938
635031
496243
653522
517116
571032
576328
497865
515248
399579
586863
393624
554733
567006
615790
611605
570137
505948
619341
602198
548638
571466
630894
587317
566221
566451
534075
610203
594692
570292
623520
597691
551115
555637
575942
458305
576379
619925
574207
537055
524251
611368
570132
509730
552709
480042
553835
601744
689676
458897
593691
499338
530157
586456
590969
602283
536881
934809
581528
620639
631883
575299
365958
594314
620725
489245
531509
585527
565005
503742
514439
622963
575773
508138
568165
542917
572404
641336
486589
591121
666751
589261
590593
570503
529983
582874
474350
575190
611014
514510
626276
504054
638943
576334
625976
588730
570733
454640
632602
585831
653765
612322
593809
619441
590009
616558
600836
500904
416153
612051
537739
543343
520016
543540
585702
556271
449985
527261
565214
454458
589594
428836
581518
567738
524625
586454
532656
570169
575559
535265
550485
567733
513045
576040
602518
571296
414777
614205
624995
514743
501902
601701
520901
508101
622761
624620
642803
630921
589978
588211
583727
575572
560362
621729
627477
584427
480105
573657
504585
618226
510284
610010
643437
587806
639357
589985
627483
626315
618221
429416
553030
569486
597900
524659
492565
582902
511401
543694
570269
166428
606599
608811
653218
626318
550115
450487
542580
535308
614208
506528
606780
613868
622420
511987
582909
586940
520390
502416
533444
525697
302349
519141
607386
621751
520720
519473
690549
566232
447034
463088
684107
648043
599950
576013
615916
601980
470897
529589
570973
532953
533985
498678
504588
431075
626280
620014
610892
576225
591789
585728
454294
647063
505707
610445
667359
618019
586458
706005
603772
531306
661286
581475
605801
638806
519465
554596
582912
559957
502292
606441
663566
589980
583345
586602
615165
606117
625248
562102
650360
594694
582309
512239
611636
584795
640521
585759
521777
510034
583337
487672
429617
594188
522924
489243
515725
489064
366171
621757
577022
583268
454467
585268
490447
598058
491317
594290
597090
581791
609890
504949
620561
601083
583903
532647
542830
524348
583046
320288
583267
614722
458156
639421
568790
586599
582570
595985
491283
575769
698102
661289
527641
573042
570744
600770
530382
626307
449459
620039
542713
291867
532938
585839
612587
431580
522464
574436
530227
574376
631402
553794
590385
510689
486131
573438
517093
532880
640076
487416
550156
595890
628784
618363
486350
507647
506574
429471
582906
643195
578189
545836
441282
513432
646150
529459
606146
553837
636449
487616
609933
539136
568776
417466
578672
471859
582880
515357
567609
480414
588987
513083
658200
573468
458723
572154
554805
477428
492613
552178
405177
462920
592689
493141
593843
636891
515001
439059
626323
515195
537655
513302
612502
596767
532620
460868
484641
596302
437626
576674
551332
466550
473033
528091
538715
542422
626975
567646
542417
527776
546549
331986
569719
411144
501633
491622
615322
532097
635744
535581
532402
609670
489176
623195
585969
581599
581936
658410
572667
628707
423204
630913
640435
572164
630322
468224
586707
604605
486233
639392
651536
637490
609441
605702
603931
643198
503919
617776
366668
500247
509585
656770
570454
181812
546261
585311
514550
555112
586048
619264
570488
550158
564898
339395
542828
484468
506876
532812
589739
613178
643938
554600
536396
603519
565743
578671
500916
625814
577030
580023
510242
594304
522162
572616
480434
487680
632318
557461
592783
514921
598065
507941
301528
539186
602661
626576
576727
491473
539892
608052
706857
656150
503125
290859
571055
640421
512263
571485
693359
477072
440472
539036
592350
622845
408437
567651
299534
483351
487611
597187
616324
609734
433502
640389
477018
565312
591102
492616
582881
622585
820232
515816
605851
450465
651720
547009
570190
612654
554436
549435
449684
554753
570480
508965
649058
582895
607426
589064
547539
524247
512895
622654
530079
589885
522938
630924
543093
650272
630476
605347
590164
416144
548757
630737
614744
574954
330457
586069
505436
474214
597146
571391
540122
606952
513576
501577
420818
648316
597722
611207
593340
545573
579273
630916
586621
614199
572000
599975
586347
485358
570735
623521
532903
554022
561557
608512
512199
607776
566219
553585
597096
638574
598586
571655
398978
582375
548064
447404
522039
624989
529862
643936
515048
577647
515789
500245
625561
611748
621462
657293
384018
513372
556509
563943
456740
643065
586441
536869
547590
524008
338967
534011
615774
567044
608602
597089
568160
608166
546554
660033
492188
528644
621103
631705
571650
571028
618597
532671
609338
587429
566228
529149
622977
599845
594258
612089
526050
587693
509967
573718
510455
519674
540291
537976
542714
567969
510298
517164
542164
390634
441384
652048
632131
359724
431693
500915
565307
505706
572468
559562
551779
607316
570186
626743
473019
454292
628276
416682
532067
719410
507540
614869
704630
589973
664850
614971
689249
603673
681690
683556
583083
665764
597219
589535
593402
554375
752939
632251
646371
576560
670439
590995
660330
615665
373858
728928
627725
716706
656483
716703
608317
693158
697741
695452
743022
494972
667520
38258
712331
664394
734280
653584
645439
531900
665783
615684
661137
685965
652483
566872
708362
592371
592643
553469
659067
553604
589612
673748
710717
728142
562600
731249
682426
500840
680945
537736
707610
653727
385103
649523
615761
548392
744927
539181
657032
677210
632666
694943
696616
746040
454626
728143
516632
739815
337401
482273
522444
624788
666219
594530
661935
505379
612995
664177
725336
714351
721138
660521
659290
751126
676838
619443
514207
622841
734282
581526
642208
526019
464052
653665
702699
743058
531219
579583
623491
550440
680398
660004
528085
548755
854765
415311
699280
575446
572123
733508
589615
737795
599521
637053
535987
705715
747349
563067
605900
613361
552687
544415
399363
539529
770156
577922
677638
702920
741067
622469
639965
575463
654896
755977
514593
522627
624484
630766
657811
632304
612706
675308
331044
661950
624812
560044
707886
620897
653746
669770
678314
703745
648371
733317
684684
755529
508935
792149
660717
740966
770992
581600
736509
626393
655297
508439
541305
605734
526702
534928
608331
728136
717676
670266
568467
660609
664413
602832
754983
742472
774885
668800
653569
502033
550231
670525
680734
673174
706783
659991
624782
611642
592834
590404
669462
695569
724717
620924
628866
653734
630220
623666
663898
522098
682153
744949
706568
675253
567971
492611
567965
713911
744520
613504
586695
665488
739010
766712
635199
749051
682583
673228
618344
554285
614179
521531
540414
582596
596247
528402
652837
619918
689705
342470
669663
338762
554761
551804
659994
667141
662546
623238
662541
625234
682825
624963
681019
651866
663124
552269
606906
582911
353047
621013
679989
676839
572751
720026
746035
613614
730009
593427
747681
571648
663881
610908
647781
770922
618229
673768
712152
687262
671047
595931
518245
744938
519056
699465
585244
613370
618208
627063
582905
671583
618354
621707
516486
721625
719033
717634
653762
711017
481848
474764
675431
554908
724989
687404
581392
571265
656704
646453
641662
741998
539885
749395
588009
595228
631132
574396
597231
727246
594436
669665
705054
694040
466622
718235
751562
675594
632309
691100
724574
728939
655293
642121
728754
715287
579400
661328
673737
738362
605116
584355
597233
647325
750601
539617
614292
731738
615677
579828
743904
547016
547017
715758
602654
446893
678983
616251
616803
669337
715658
685099
681459
719643
513584
772879
684700
572299
713776
718867
674607
441130
573730
650625
746135
638045
631939
726897
682402
737793
779019
766406
645292
623856
718100
606876
527660
653567
681022
605133
746459
760179
503917
718444
732310
533514
749407
594669
741032
727566
743073
669672
703134
755812
624808
572488
653758
425001
647456
677574
668195
576002
671903
653744
604362
757388
746042
680028
594084
619594
575088
587792
778844
664280
575426
653258
660549
508570
746605
712178
604031
737779
746043
523366
653578
690211
621705
677176
734309
664767
653747
688848
571384
656690
570358
650498
576005
591237
580175
449756
560050
694919
651571
664698
750471
732498
423132
691582
637969
401313
592984
724427
517412
767350
757860
724901
687516
752928
726876
602211
653910
565426
744952
646593
621744
739518
598577
728874
589970
736564
672852
601297
599377
661804
746056
518978
697960
717672
682377
645519
713059
515454
737762
546724
765123
582306
747550
748685
446574
639250
657430
686919
737763
582218
726208
686142
592656
651589
759688
735129
737195
480857
566656
660637
744945
756207
430155
524216
656850
739123
681457
590706
746939
610045
732713
717021
748898
653610
725273
675490
746049
717675
696002
636565
495764
737666
549294
741592
664297
714375
627661
529203
552532
740903
711696
767479
641501
556678
635302
575604
650783
621731
631278
676859
531299
639848
390635
673816
664806
517096
654879
695568
761053
608649
489280
606865
540023
574952
726342
728123
584249
601165
715239
475430
651170
619154
768398
655977
645489
720018
688301
660949
548511
661336
689927
618746
739556
702525
483471
582908
574089
593655
524047
613722
632632
746048
753583
724343
715756
627463
609242
683287
606954
470610
615115
454433
619083
733156
523781
692840
663459
728699
674942
661738
663105
661332
673175
665894
590575
748440
514847
677602
680880
532961
549514
763368
728204
662844
661655
653751
644090
716750
662708
630566
805350
726649
737777
568994
569711
582885
527400
586351
756982
605808
594328
727001
587970
606234
596332
340102
768520
508442
571785
690741
38700
725495
644831
583984
587660
663657
649392
586461
539537
748621
582014
744941
648619
702738
676156
727306
589754
639289
660982
507441
735364
638706
734288
617505
628917
475908
598215
581577
655713
305937
726887
735253
628012
574489
634544
570670
703771
590869
724475
665761
613339
659967
726664
754433
505746
724109
680495
545237
531499
723072
550738
712749
616619
728796
680382
744750
654905
521034
732721
508687
616331
746817
744933
653598
735838
687933
688343
744955
654028
655431
400160
766319
502425
740794
653643
575774
653070
736485
705862
597856
733049
560391
616214
556501
429422
716326
655504
701510
582897
589174
729097
718400
634521
720395
759902
689782
546121
607297
667585
620883
743225
744925
643882
637961
662286
745332
732670
616461
653615
722261
663706
681580
532654
659551
746039
664589
706503
683342
438396
674358
575659
637236
621954
653756
735482
674944
614420
689723
458673
509635
627051
491926
716258
703810
612571
686158
572197
595940
497582
749552
698783
665135
658760
566397
382748
721656
691812
719266
605874
619019
695596
737794
623305
689540
658199
634233
761563
743403
678945
594089
749546
667995
671909
710356
734901
639564
653580
596161
662345
655187
741011
684139
744738
666180
738542
714099
682589
526007
655363
709169
582919
652962
520765
743382
579792
329621
532323
532870
741074
726217
768939
489326
736604
733322
673159
579221
733032
463870
647265
596053
687149
604822
524840
706720
548647
738646
554585
706260
653601
738370
661437
451184
581032
724315
722815
713825
605499
739246
484297
661677
670466
737778
667953
501738
727097
527534
520318
643537
545609
659983
611179
529485
559974
558582
590854
531033
435615
668627
658751
447362
707214
499932
618228
726222
590223
578944
587562
744940
664423
753756
659986
527382
639798
639247
706530
715123
458576
536517
448119
616880
572400
656844
520172
523371
653606
560144
653247
671577
528761
611808
476389
622139
702936
670328
614696
649719
521007
735436
716675
728148
668610
594174
680593
344031
662880
601643
501953
853315
695323
671039
596695
526052
682263
520725
688258
736228
661227
661845
672699
618355
706727
843275
682545
647785
758935
583143
728131
615177
637620
536725
653575
728144
674779
617784
701175
666826
680952
768141
664416
740996
741613
658006
492008
744943
680041
598049
621749
696826
764316
634301
733906
442065
619947
719949
800669
864873
597208
794602
776328
811933
785001
802226
726550
835551
451048
775617
662745
802777
588228
776561
759297
525660
675575
567797
637693
425909
579741
850818
896221
855569
785533
659927
726151
656991
766423
635702
882338
628704
817959
911758
526811
745881
592508
732450
748618
808023
662638
784393
646071
379686
770254
779057
833257
587996
850986
873488
665888
554230
843906
849365
452019
523638
576925
471498
607844
808865
722798
598014
807196
895749
842033
586047
866678
630586
765869
728132
746422
853354
776570
683311
616827
860623
776279
763240
835975
800748
823610
835963
768449
695089
809314
674610
606236
728816
839065
860607
672521
660205
763532
825597
858058
851925
500458
736842
476669
678458
716594
682254
821493
795859
567910
641960
744733
714011
864390
673121
512356
809488
848886
820709
847208
749727
745611
757660
793002
796158
718949
818192
760154
779611
743921
758879
760336
793723
595743
785663
698215
693853
809910
618911
745078
809336
790894
776909
629028
599960
680631
865553
802068
566076
862582
876103
854199
741664
673319
802443
866038
633657
581389
795564
889975
814064
559907
774741
726894
583689
613335
785538
785752
626392
838184
775622
593910
765245
800497
653457
729577
744278
874239
667276
736073
910760
664300
781044
459151
844869
680531
695969
778814
873492
672582
805973
652156
823425
646955
761270
794960
865463
891219
891708
609972
763873
685274
825997
830471
823031
713711
797815
738035
798298
385128
747987
653594
878424
745589
730823
681887
795778
616651
755437
660353
615666
720109
794246
821433
603661
823216
649394
845769
792001
877657
760883
768334
846867
763025
706872
615457
846542
735716
714028
886771
833428
655082
811286
788920
776797
741124
820722
717693
893941
698201
856351
573680
743048
522478
804046
877004
763109
608499
582292
779008
602269
629017
595813
738652
785209
661930
888498
682532
818659
761898
681947
878111
623511
793896
718838
790233
790555
609181
638965
665753
774343
779001
798060
840372
797309
593395
598252
754765
733989
624789
734780
821859
702479
833043
878401
589761
617246
659940
838189
497698
583406
646207
814785
844143
776142
653715
876671
638597
808090
787723
879535
522466
617762
574060
782474
659988
592695
797457
654074
599925
812204
850489
587668
834027
676845
856403
847981
856437
791373
370172
675319
660006
681349
513310
924763
32471
638741
645710
762687
598896
828305
799640
821046
623135
753477
645788
783508
888506
656584
760195
585245
553087
727182
512195
591538
857731
796849
675445
566525
598413
588921
578908
804013
501929
775209
460465
761830
920081
567189
695932
717942
524369
842050
765490
714277
857732
633844
806804
617502
498402
602666
750253
579051
818361
786627
811076
785527
820693
883876
675327
714273
734322
654739
666750
805052
533705
717192
730769
656940
818543
602463
828588
781777
860810
809340
795813
630486
880728
790803
798544
772388
677053
800052
892120
522931
768331
693827
844530
602063
847153
894584
514466
399566
849361
678580
797838
638449
809970
657195
911068
859860
819701
696605
743599
649087
881460
557950
718633
673309
660262
786573
785539
829400
828871
762879
624899
797594
580489
669671
615658
846847
645689
696109
843241
650031
643532
834143
756603
855823
710309
808579
716255
881211
375358
874227
645886
817451
449406
665896
763164
645585
665901
283566
806643
744746
777670
865140
631060
683641
797488
778256
811769
899382
779029
842424
337404
874228
791910
604782
876644
564637
578701
654754
786300
782310
657644
873972
591274
568620
761548
789171
730840
797787
871812
753453
637649
870096
753601
871964
773736
818356
691179
796891
534038
467909
536208
550988
680017
754067
846779
758866
793285
633954
831438
814853
785199
839727
767553
754934
785545
748853
858815
613911
791346
712345
614917
732203
585216
826733
666243
504148
740925
643454
598826
750272
776565
760871
848562
912324
436969
851976
821792
641951
592863
810873
878410
801968
749274
660120
763149
850099
768744
785212
633503
808604
768726
874193
693113
828511
793423
787644
831405
712124
635731
804435
721048
802217
826796
791568
660000
854188
892113
530351
845264
849369
730057
795514
635012
749386
874122
842361
829729
576845
523936
604360
797307
473021
811050
778730
793998
763152
739990
768127
726429
790646
881246
624860
644583
802121
809065
614409
669375
879229
630926
729679
901047
842795
818336
672322
821427
804755
793153
681435
851274
776515
810015
543836
573164
671043
690957
786699
778870
565028
833393
903746
776660
714968
893297
735981
848278
736069
810271
860720
663866
843243
633949
671269
592479
681260
706972
667757
739413
846214
802324
844819
734858
695282
591275
789563
780382
836563
778996
634528
460458
872586
587130
524434
835355
468225
786556
767499
672741
752070
482321
645440
849938
681355
821390
776151
631583
742396
642732
886563
811072
661591
736545
712121
410113
874226
733209
848788
757635
797946
879170
698320
868882
647581
644089
482373
653858
726220
851281
776551
770742
744275
695958
784379
788045
581726
893694
852370
654323
741636
778663
835961
810693
695080
796499
514995
727293
617653
845222
774021
576784
776506
785537
438631
541524
718916
762469
773621
583081
859453
728054
758902
585213
601337
704035
852862
590304
655181
637254
726424
821661
865404
806690
801604
679844
611489
838150
965244
793967
607430
663991
615643
784500
826749
615678
763788
757750
599281
845875
874144
597890
618162
664574
591634
522402
611698
718012
556867
825422
642684
508943
760873
662237
773543
684281
843269
714195
796339
788210
697930
774823
863946
672647
776544
602734
630004
874244
822010
880545
631843
882251
888683
477044
458220
602223
776503
810223
881957
794379
659947
833408
729830
767304
820530
644495
663558
858064
823803
838180
749505
823609
649409
838719
579047
786798
637534
568124
600583
784047
426242
777620
561757
899599
628534
503736
756403
858918
730047
612491
742391
438695
553592
676705
792678
650270
841755
728526
795230
654974
826047
778998
820896
630392
820712
776536
851870
741335
542178
835325
853123
783746
820511
874948
639721
736074
676840
832359
787868
793430
643586
749645
630240
664236
887609
807867
586813
716810
534072
598331
747688
788672
844043
842356
714869
884452
881594
870404
550205
795410
825252
839440
532865
734265
795635
877013
633515
454527
529580
779047
634649
833420
667257
637014
862435
848067
894432
809717
912499
539565
762079
580532
881239
812173
660719
520663
842169
801583
834404
883955
886440
641668
618416
602334
912802
807070
667969
946552
631058
801335
520763
597316
736146
778819
671295
824202
656272
423108
766798
757514
818367
722780
863851
761534
606813
659360
780268
810731
735812
646380
574078
762888
853791
762433
727745
876716
763539
795982
888500
781816
527774
776305
784986
850356
775978
829358
881500
711475
547565
760919
839436
586101
619297
710871
795980
810406
787836
513692
861057
654350
660335
791469
899235
587807
876024
511809
874157
682376
769364
845887
660598
624385
624793
550524
761388
730028
787298
644083
789708
786015
834347
862193
850337
625169
681461
644092
798141
588108
931034
923597
783556
496331
897338
953233
852438
726888
557946
1027431
915892
769636
936960
595586
884363
772071
800937
1028248
1020541
825805
913851
895659
863814
751237
843380
714888
962910
1001835
807986
532639
871799
497828
888195
1011367
743814
1032950
667642
785980
921629
791177
800510
982317
760104
980605
1032734
756187
844547
776512
945920
751741
801913
739643
601635
957325
1005281
829280
934761
885583
853332
828558
634429
865370
880841
829557
551271
616037
1027358
948333
695962
934641
840326
846818
959558
932498
1028556
852758
737288
848818
938133
873129
885266
829165
820446
760517
829560
854323
938858
842942
925779
765822
831410
779812
982620
541134
1011370
1022256
1045794
953300
585511
743563
1006314
1012344
1031460
910858
982939
955666
950825
646385
682075
993145
837745
429473
893904
1030969
802714
1012286
758330
888097
988428
457232
960139
782936
854207
848331
894803
960519
735697
982752
865559
1021968
885298
1062839
962697
980171
689700
315162
529193
990009
628900
436270
916605
942881
950849
790867
916387
665899
999205
826953
915931
851644
901418
962279
865371
814800
638985
916735
922955
635891
663712
897192
752564
569118
768447
820912
1033643
974586
633951
996067
818750
896499
937315
678320
1036561
928391
1010730
767825
846238
814340
750498
657826
929562
716814
718789
1028182
1019835
973509
1007401
999722
1024433
829577
981588
1015081
920772
1005774
616820
507086
846094
1026624
809107
1034662
959617
865767
927755
892270
879400
801965
799155
765119
1049171
1035654
828792
992090
847726
591120
834742
682344
335795
759175
912726
903939
705996
848526
936621
1023803
888479
1009255
511817
934287
1028938
785985
996771
698508
928202
931653
914668
1003487
1028541
925341
849242
957457
893228
294793
928123
846250
899082
983526
668482
803700
938567
845099
505026
820697
900667
1022685
442617
1075969
860159
696806
805327
979251
858015
878183
1001692
963116
728499
619979
642885
607145
886755
573171
987507
1017335
944664
671318
866254
762504
891931
965839
949977
833200
814338
939336
1044043
1049686
801526
76600
893739
800198
698128
844380
770719
744594
937110
736526
774301
746333
827168
781099
607365
438148
542196
998282
881487
1041513
811886
772973
925856
814972
662244
552322
884315
991247
944625
626872
605153
860135
661374
821133
926916
928381
1049233
852427
916224
1013126
610150
583095
682507
940417
649985
361743
1019239
683361
1026202
953542
997120
830784
939914
1003352
1015724
901563
787767
858485
776654
844404
1037644
985102
960704
931461
965737
1020696
913290
776808
852592
1013910
983224
814757
593643
864866
615777
820067
754609
868666
1030250
1038627
987419
1019105
1018247
913988
887864
850018
961722
1039896
763605
968572
854867
870712
1013577
892953
949423
829799
801071
843314
799883
895953
628878
1015169
759054
659924
833425
744276
800345
785084
793992
762975
727340
928204
834140
675353
894169
1014566
914268
785521
818502
808087
1034168
508947
801691
626735
725201
790519
916740
957691
788977
669654
919873
1024530
949983
555604
927774
965150
759507
1019933
780609
619803
760161
840882
916053
926516
518896
691683
880313
715370
1028550
798359
842725
606403
772445
697799
974604
894246
851731
876797
771536
999127
972313
750466
863929
818397
774825
654895
843427
366672
843633
522016
807132
785037
665828
828901
947507
1028552
987337
775400
736820
838484
852830
1031827
767401
957042
756999
669402
876792
679919
683328
974691
934752
883502
843847
897525
661348
1012042
579974
685411
839829
736732
936723
939979
1023901
671109
661791
712863
890980
800741
301502
990485
534134
1034629
874970
846956
760167
1041485
1043565
848791
970895
913991
783573
911129
997660
864370
662399
1015606
691214
679018
870671
1059673
933547
568271
962571
778855
915982
910371
901251
606402
1045343
245842
845140
645992
805473
1062088
869399
606303
775140
892515
1020481
872989
865368
896485
952217
406759
661231
910777
848958
928358
936391
993729
682533
974521
971470
852696
1014676
1028935
994702
869626
926255
298028
764086
852046
947704
764393
826769
879444
1018645
1041054
854359
901410
854467
1015963
601796
702621
887309
696157
872177
1011403
818422
962664
788752
970218
526896
999262
622082
860860
1001925
892503
898774
335787
777245
883800
1089315
1006917
966220
797840
837938
879957
977871
1032364
913604
963660
913821
1030613
826754
532710
632727
788933
821881
964928
921360
759426
1031206
765172
976906
453395
984294
504827
965731
1003264
674324
951546
539681
1019391
996518
668461
773867
884971
425906
717151
678287
927594
853137
993969
664469
1132079
786977
835504
971184
800425
826451
897424
793961
841733
760868
945657
1002310
684006
629015
916192
914281
803104
919573
585378
937348
680860
790525
937278
899112
1028851
766475
660334
740460
817648
929477
747779
680829
724585
970896
883870
832544
975714
819876
728366
1023994
833339
910438
948271
818647
606237
971602
1003485
954911
718919
871891
820880
985939
854546
745376
1004663
632856
1022924
824480
838330
850028
1041623
733063
414906
347968
971594
660046
1006437
1012661
1027219
934131
922539
566466
975288
1015190
955991
1012370
812488
846778
877619
933255
1049622
676710
799375
931599
923787
796256
882598
929449
587412
913845
982467
669400
824281
992277
758724
668047
904689
886083
962486
982543
717133
934419
994441
585083
840119
1048300
800815
991814
891983
1033052
901511
958192
338953
844398
1028553
785303
823766
864116
1001869
848123
976720
654076
910365
1024627
560057
816956
995885
893370
873126
859933
754158
754452
861072
985932
1053630
955740
763285
1028561
1026941
1010711
1002535
772272
1025805
901385
1048771
961484
663457
929170
944864
812320
916405
836225
1036956
987912
842891
629542
803114
854363
864959
988253
951470
717728
790142
1028703
1028506
819504
919260
811656
846969
901908
980083
791155
785398
639933
773975
896166
961359
1007685
505570
877957
848685
938008
888816
819153
753232
1032454
988460
776327
1024535
1022929
1005581
1014840
730167
988233
740952
816705
944865
1015936
913829
913814
894489
996767
872542
960057
853867
925943
1006161
862491
859585
1057355
760926
828434
885303
828613
630720
732459
852448
1011679
960875
997317
934197
892527
978278
1007698
1032124
862558
995900
956862
1028546
893712
869855
833097
986812
846789
995169
856496
958487
961769
916423
827991
1003813
960258
826113
1006851
1005772
787791
545611
724495
821153
783675
1037858
1001840
911826
848950
896448
919355
854542
960170
934194
811631
634120
865686
49046
760204
913849
818612
910596
911345
615952
912598
1136558
1020969
648457
667739
938971
821857
843066
890245
536554
928270
821510
995133
779782
964909
958978
1023086
860854
964822
1018494
897374
792775
760099
916821
739993
999812
782054
936386
929633
774752
930921
1061593
705861
777950
779157
782044
752623
642538
1007125
802065
818110
871547
744114
848058
955644
934627
777831
1005031
505642
484907
846800
676701
864101
1013860
1037929
888321
936074
714694
949580
807185
921353
809140
845404
597922
766507
638960
879538
964426
646473
770684
787752
707103
669653
810171
556694
962192
267805
983768
842934
1032591
715931
614934
799379
837881
846528
961707
941596
961420
615173
960275
718930
942576
1106213
766220
873125
816977
1002645
1047041
768087
784375
1142710
1130737
870358
298618
976893
1096996
1070608
1086591
958865
1172009
882569
1090868
848116
1101582
555285
1150513
1146302
810351
1057491
1133602
835017
1018634
987578
1093485
937746
897160
1077280
1218207
1151534
773910
843942
1181039
1073170
1126056
1060090
1070629
1046064
830721
988402
966576
1190725
752867
1153020
660360
1035806
753091
739405
868759
1070784
1044058
1036347
958179
724209
1017066
967545
1025802
957770
1142780
1057001
809787
869641
1140692
1150521
1180660
1003579
1037348
1122932
977506
720557
776835
1108306
1005685
946215
1114743
1026227
833205
818648
1058949
872516
1203484
614479
979806
890203
845387
765904
1060064
1146148
1050035
1071976
569094
968868
507532
923939
586810
942199
1052865
1095340
964917
1085543
959101
1140056
1032660
1063422
1003580
998781
958195
1195310
859981
447277
1115377
1151470
1136767
1016121
912916
972619
1024127
1005004
1138891
1075316
843794
958197
666942
1074034
1074299
912908
1138248
643215
981848
1129932
1067714
1082213
971699
1066575
995805
893752
1101224
587384
964819
792614
983793
1058616
763144
768089
912520
1029880
1117006
1075334
1138474
1131438
635910
930564
979275
945937
1165491
1132016
798362
1047925
1147400
1142044
953365
807023
1115604
963861
734002
982940
762430
1111966
1010581
824003
1088530
1132008
1141228
1131444
1142615
820696
848553
924054
820525
854887
1166714
1021803
1092823
1081400
958335
740441
1048516
890771
926393
989473
678512
857279
978035
1172674
516806
800158
1100795
856156
900409
1058063
1100205
1100642
869112
838240
943788
1068452
1158693
958006
1165918
573952
617882
998625
1030987
1000081
912974
507250
747731
614431
1219926
785759
584004
1146249
1170260
966719
736790
987490
840430
1135630
1033557
1030049
1144962
1042623
1068385
1032666
981347
989496
993292
965397
960134
1148027
1178329
1102776
646389
677179
899524
1134055
1085103
996503
1091790
1126577
915935
820694
962309
447365
1145358
1053544
726759
1191885
1145491
842544
1079643
818511
1064551
1076487
1064662
842945
1205036
1154598
821890
1171816
1106904
820609
1075794
1114928
973778
1402719
935906
1130899
502345
1117698
1096751
1019444
1186247
1024773
944401
1000094
1029549
835767
1178605
848181
998845
982813
1064178
879689
1153222
981314
1056740
949229
1073079
1008048
800301
1052025
1184773
1000058
955555
1018754
1093760
987917
1158385
878361
977177
1140866
1058694
996154
830764
500104
790493
964960
1139640
609271
899535
744857
1145810
1168521
1058678
1207417
540549
1135286
1178734
1173912
527969
843394
965489
974931
1124272
1100488
507089
1160003
1100763
959092
1096369
1177411
691363
664341
980152
1078711
968870
1073125
1040892
1190462
1081683
938030
1138749
1145291
1075536
989593
1149137
1156638
1203097
967874
852445
995757
1210646
1180791
975043
1024721
1146412
1056380
1081445
989232
796185
1084225
1076366
1070777
1075540
697843
901362
940143
1031072
763261
966488
1115128
1086888
1056738
1180743
1067797
922830
787761
683876
1015957
843889
980489
1097150
975902
843846
609768
1071806
976830
1073140
1111140
1098160
1147301
800227
971589
940551
1088563
994128
1007427
1047016
928864
723347
753336
715742
950792
1262124
1180199
1006911
999501
951491
1221257
996637
296271
1120312
466420
805320
978114
1057873
1014390
1116488
1083612
1000108
1098164
632995
385687
930094
1160016
996347
974191
1172676
1061855
1073088
893345
1072269
994108
976573
1144708
1059066
609681
1058619
1147236
1014629
1072074
936374
853387
975533
760774
1071866
1128618
986197
1109146
954388
1135453
676575
884533
1052939
745987
1032505
800279
1115085
897087
1139087
872585
1064801
1173558
1084920
900379
745391
1004683
881693
1015381
1019879
980285
1127936
1050319
577921
1081709
1046032
768362
1167725
638974
983223
1058689
1001500
493529
1155086
916433
989502
1134754
1154864
848723
1007074
1072371
747188
965791
614930
939335
335977
559707
931102
857451
1150019
1180767
1056803
1093994
1078023
1075989
977013
1142127
1024600
983282
1000683
740049
887321
920125
496450
1106053
1114590
816904
532408
832502
926680
935903
1030587
1105848
1029621
966086
986843
1035253
1156202
982271
680133
1121777
1061656
862557
1223272
1192745
1130659
953735
1128568
1077600
994143
1058620
823598
502356
787699
812225
1193341
1081620
989592
1166012
1053722
1100962
1204812
973468
459003
713704
1008392
1147049
999677
1117379
710157
1216937
1122493
976699
948713
860278
1002315
1049948
927107
605886
719256
1008005
906126
1022796
269509
1179558
994751
1123093
763165
1081662
814215
828936
1002444
1072790
852432
1140259
1077670
1067820
1190150
1030196
1155770
977770
715253
1125186
606400
724846
839564
1211483
1154268
1025491
758336
1000475
872906
1071791
1045563
977223
1046813
1113278
973471
921452
820707
1190012
798021
1040148
892505
1031143
906221
1047223
1146147
877703
1006763
937249
965979
1115191
1115939
989672
1059372
1161048
921355
1134424
783110
958244
1071215
779816
1094319
1146143
1150112
944117
880150
915403
695721
977935
561717
1008042
812635
1108658
881462
840111
1132388
1062372
862552
1142366
717980
1063249
772515
866346
960469
503417
1059572
1020094
889675
998587
700391
467244
1119749
999644
980996
1183563
1064312
949903
901121
977000
956502
1189798
1055317
866463
666277
899445
998022
1005003
656156
925615
1034411
931935
938250
841742
964980
1092099
1135229
1078928
1163258
997659
1056360
958736
967370
1049951
1056733
1002338
1058699
709631
845111
1221118
1159518
1180842
1070535
520758
812037
1094844
844417
1087571
995012
1062482
994025
986070
1010170
1082850
807172
1029575
982932
640146
869523
958182
895549
737853
558915
970284
996727
957863
925113
1180879
864168
1072567
781732
899579
603692
803688
999125
1195585
455476
1128604
997265
649609
575264
1001026
800787
565770
1089765
1169368
910571
980382
508883
1128668
996569
714675
982104
739986
528502
1104102
913673
1049638
1016346
353577
746524
919131
1064024
1202584
872954
734253
1008009
944952
962775
1100860
1152238
1089228
934433
1087040
937741
615656
1073413
845890
925714
1083862
1010928
726209
1124348
1085218
792307
848326
960876
636173
961084
753342
961718
984249
1093765
1134596
1000409
1041681
891699
1001245
1136736
1115396
856289
1032274
1116585
1008003
941019
1094403
1127227
1068141
876914
978415
958234
989596
1012669
994138
1068827
670292
1201640
1073097
885243
1027073
1058696
594767
829038
979851
1175873
974561
1180656
763147
979097
931982
801787
1029947
983044
887870
1214020
912480
958263
893723
299054
988078
958734
1120628
986210
855262
1081694
1171541
993933
1110586
1022964
729854
880100
1127087
714964
346698
944194
958340
1070514
968051
936059
1058906
770906
892513
1149912
1088619
813726
1003581
1040812
933419
1061163
989799
956262
1117609
1181538
1134433
990140
805785
970348
943134
1222560
964913
837335
940721
1130818
926332
888082
889818
1180682
870518
1189205
1187537
1058623
1053592
846977
857553
842675
915523
1145612
814776
913521
676727
1060839
758323
1148787
1150394
1063197
618165
1137064
965400
1032194
650597
1139819
1158706
786345
647250
813477
1114972
691422
926599
1113448
829051
940241
961268
1076364
998731
1131755
936385
1187075
976912
1186957
978024
1110820
1192330
975395
1001884
1086340
1139979
1135894
1151703
801970
1092899
884605
1111491
873256
1008430
626332
904759
995206
1039960
1125978
960251
894201
572802
845783
1149381
956964
1119211
1020910
860469
1107872
965606
1034947
878375
1039690
1074080
989589
936368
886544
1062807
667538
980026
777411
1020662
1006228
1105803
816707
1039066
1138476
1117644
729120
980537
1016683
919207
1027919
787781
1140648
1160956
1151949
1228803
1132497
1030588
402431
1128606
1216268
1167351
1070997
1276945
1114513
1219556
1048923
495278
1093995
1240928
872726
1355755
1063881
1005681
760147
1087593
1073650
1195100
852247
626412
1330167
1093966
1151156
1333100
748783
1341123
726139
932420
1238200
1139106
939243
839033
1091267
1039512
1170000
1226841
1169455
959596
426063
1072876
967344
1279914
1013776
1035048
1016848
1204186
1079310
1123282
1370580
974613
1037113
1052280
1278263
973912
1249385
1082195
646097
1194636
811941
1245708
1235431
1239251
974878
1078959
1056444
1241982
1198754
1330373
1026436
1108354
634492
977548
610219
992638
1130276
1010161
1128505
977331
1062644
1218032
1032823
1161108
1229262
1188853
1005331
958855
646683
1210794
1041613
1208561
1161655
1124876
974635
1059643
1325847
1122618
1108828
790462
1149791
718014
1181548
1119197
1093971
1178684
1245700
668340
1109255
1068518
1000064
1001089
949709
661539
714669
639857
1131684
1223799
1137245
814889
1029281
1214499
1172244
1098709
1128752
1358987
1280461
881366
1184495
999142
986175
1214554
1369240
940139
704239
1329336
959098
1326878
1197671
1160018
1001311
1128559
927342
1175161
1007826
1221404
1155058
1083658
885246
956842
1371789
834562
1147335
921436
1249532
1104937
834966
791042
574451
1222248
1333192
1217379
1242526
1229913
1054221
1411773
622792
1136423
1214107
1204629
849509
947478
1217690
1207830
1002398
1186350
1064028
1229898
1042657
1214527
1037051
1355266
1098088
1076101
1013850
1190868
1283214
937287
821499
395817
1022789
1159311
1076555
826510
991610
1221451
1123278
876911
1082900
1059319
1028769
1217300
1075676
1280440
1058303
756397
1357933
1192209
1220515
1024452
1043899
628922
995926
1004348
1146556
1120911
1179521
1273196
1203724
1308546
843416
996087
1076142
1239481
1313243
1209288
1061785
1057999
1127166
549509
1285247
1042650
1181701
1001274
1139566
1310042
1116490
1317887
1155095
1258526
437342
1231206
1155828
762441
1130413
1114738
1293263
1271528
1129610
1097870
1289601
1056746
1337309
539972
1186274
1225683
1032448
882059
1389038
1198426
1214314
1094138
914206
718821
1025596
1130428
1172648
1252309
1017633
799766
1246596
1209217
1136633
1192846
933088
1023915
785429
1198877
861451
1029654
1196134
1215918
1278101
1187308
1222064
1013869
976584
1019404
978090
1038263
1057006
1203236
1046183
1187294
843527
992940
1100782
1209770
1103432
1298238
1244492
959604
1290697
1267217
1186947
1023922
1209290
1242384
1183761
1168543
1077328
838209
970450
1187970
1138194
1129598
1184889
1213742
1142101
762509
1255208
1359977
1111873
857598
974576
1372795
1234593
1024592
978796
1177623
1094274
984324
618588
1197662
1214506
936622
1208808
1298727
1252896
1307051
1241748
845781
1214558
1056437
1092788
1310682
869760
1287850
1234591
1369679
831395
929204
1148677
1063877
413846
1112426
1228682
1062421
869291
1125953
1217343
1232827
1172604
1078249
1138230
1207123
972614
1281532
1219158
823464
1224447
519182
1000837
1032472
1109306
1148713
1055451
1319504
1186023
588648
997162
1128650
978027
1290287
1045770
1143128
1148817
966822
1217048
1052886
1201262
1112466
1241752
1212073
1160923
1322593
933131
984101
933260
1361248
1216299
1119774
280180
1144911
1269108
1058537
1158915
967847
1026821
1022690
1096197
1171640
1262740
989909
1051891
1134278
1185719
1058710
989730
1000075
831815
1014661
558449
1242372
1187762
1276035
1047227
1317159
1045931
1032372
866398
1159477
1044741
1233208
932086
1005972
1096638
1136394
1372028
719221
1151262
1140222
1109406
1154312
977262
947763
1249342
827931
763215
1263112
1180629
1232449
1075971
1101448
1090874
1101401
1226578
1151506
803690
969492
1143295
1298476
1104171
1190836
922849
1152619
1139829
1130405
840889
1001736
962319
1053947
1193077
673593
1019317
1229958
1083412
676685
1148901
1371146
1360782
964876
1209423
896151
1088514
1168709
1164355
1249013
1051896
1357886
1072890
1359241
840705
1219576
1084863
1051486
1113120
1382406
832262
1248298
1043758
974250
1087388
1167366
980599
1121914
605722
1156593
1175351
774531
739547
1290034
1032765
1056648
1124641
712022
1265517
1248795
1116465
365177
1053927
1249423
1080512
1094009
1210184
1108336
1074054
1079485
1064213
1262983
1275945
934584
1219552
610251
1231035
1180648
1216784
1126475
1064486
1114751
989662
895959
1081012
1170824
1243381
976576
1094473
666035
798612
1313006
717196
1084812
1001473
1228685
1300962
877087
1269021
974453
1180390
1135176
1358947
1011082
971968
938614
1145608
1046120
1029235
1299372
1250846
1020951
1217876
1005576
1087092
1062276
1265647
1034541
916728
869597
1171099
931628
1020354
1153110
832964
1250786
955916
964877
1091275
1188258
1260916
1167271
1354627
1155089
1098378
1340628
1001783
1087822
934201
786892
1125510
1201753
954802
980296
1002088
1121711
1252552
844185
696047
5492
843617
1083241
1371727
1281933
1114922
1047020
567811
1361240
974036
1140721
1377505
359410
1020896
1144681
1063875
1378771
1227816
1215834
1167027
1061699
1264349
1154215
1096846
1247597
1208704
1235922
1182387
716808
662402
765421
746036
970347
1257586
1137205
1205386
1268749
1104844
1360774
1118224
1067341
1097549
1221415
1285266
598387
1030983
1299046
799583
1063574
1241231
1303162
1000888
533535
1115623
1037827
1396558
1019411
931944
1294849
516729
1158874
1043725
1086747
1036921
1025463
877817
507241
1228891
1005578
629040
1171296
923667
978592
1283819
1306764
1140346
1182297
1091298
1114926
1017163
1157680
1236419
1062215
1203653
1129608
1084222
1079346
1244244
1356236
1314369
836972
1279112
1081077
1442776
1014214
987686
917496
997509
1130053
1276825
1022892
1286767
976734
929590
1241894
784651
1303236
1197619
1258761
979473
1005860
1322488
1073087
1141182
614933
1211957
1211716
1115780
1234811
819277
1026880
1233083
1165466
1244039
1382166
1248753
1291559
1408126
1196470
1230147
1263249
716309
870360
1094974
1241674
1331375
1026999
1096838
1158996
1280483
1053008
957452
1115009
1337997
1064375
1107128
592983
1020822
1072342
1012201
1146892
1155739
1101256
1252428
1213712
1015634
720321
1379587
936245
1194915
1100856
1184233
573435
1244361
1326963
1147710
974950
1062198
975511
1329912
988373
1258745
1001057
1143019
1254793
1357633
1365044
1078744
1215162
1105407
912649
914243
645757
934632
472221
1088851
1069945
1124127
1174481
901315
1361199
1361253
1363916
1235623
1299652
835113
1084765
1104390
1014505
1255028
1201697
949484
1008953
1213997
755388
1282960
948549
1257388
1084736
1280941
1118031
1154304
1088096
1002155
1000780
616446
1217345
1005076
953713
1010600
1206617
914215
748167
995803
995749
1364992
945961
1282138
1365712
1009679
714567
1059073
653346
1275998
1341132
1290213
636706
1216452
1130402
1171634
730087
999890
1151244
635996
901060
1165441
1308757
1171821
931940
1000862
1153913
1251636
1201176
837763
1191610
1284004
959429
1283707
1232422
1189423
572195
1139095
1069187
378160
1077782
1214469
848439
1247353
1252470
1321326
1079091
1171462
796592
1056652
1011985
1047373
1216385
1029955
1202863
1361154
647245
1223178
1146972
1234905
1043905
1066262
1360780
698687
639720
1039773
1096342
1100099
1323753
1214484
1175075
1126692
1290206
1232895
1239468
1300331
1102938
1301788
1136418
1184918
1279642
1002626
589018
1201056
1048241
823219
818861
1140847
1061990
1214118
801688
1216191
1279433
1281826
1247019
1201734
1106739
889737
1103621
1320276
969926
1227780
1166133
1210096
1219439
1059345
1008409
857655
802219
1114873
1230393
693134
603531
1126357
1322982
1148685
1237266
1147416
1262299
1187058
1371540
1064758
1341685
1260594
1305194
1134682
1013406
1028196
1359153
1014590
1090007
1139817
1220646
1033462
960470
1141320
1311844
881517
804406
1272890
1207858
1227136
931642
1025527
1164892
1094605
1094556
848538
1187619
1019952
1270687
1353263
1120846
1119546
1254864
1075789
1304106
975056
1361292
1325884
803796
1262773
1171101
1198208
1363123
1550797
1021679
1497036
1300116
936108
1327445
1178602
1361952
1233069
1450529
1283320
1214931
1020414
1433593
1352774
1191815
1247002
1011477
1339055
1480382
1128655
1218762
1009640
1084153
1033148
1092936
1465021
804862
1465560
628847
1000432
1086910
1304800
1310086
1313229
1135303
1282980
1352755
1493425
1212271
945883
744653
1288072
1421461
1446358
1200063
1083433
1127648
1208735
1310568
1474303
1013446
1232546
1318535
1299209
1128547
537921
1242404
975225
1319951
658224
961077
1391013
1418305
1309410
1362315
1242454
1186640
478798
607845
967941
648878
1450436
1357797
1210732
1197306
1107215
934456
1479945
1223422
950387
1353333
1504635
584855
1278950
846422
1265063
1412113
1271981
1022074
1239115
1261825
1122099
13494
1244068
1137339
1290954
1171153
1241470
861211
911430
556574
1130056
1289936
1517772
1075456
1465026
1363282
1262426
1081196
1417677
1127767
1380920
1321108
1195506
1484640
1305717
1397163
1233575
1313194
1448497
1091862
1339374
1244999
1291526
1078812
1058615
1441782
1136867
1330443
1013052
1225624
1083782
1425641
798645
1400789
1320414
1254808
1242686
1294949
1388694
1440718
1429786
1256408
1426486
1397854
668489
1246310
1178464
1239655
1391385
1379520
1380070
1199869
1261504
1266809
1535377
1252377
1550569
1358013
1229910
1175267
1141163
1557993
1285965
1279947
1255795
1399696
1223601
1289888
1273049
507244
1388366
765897
1364608
1434113
1143407
1100988
1293858
1217602
1564346
1266781
1442538
1226406
1000169
1411287
1233620
1241924
1284496
1249289
1310871
681434
1448560
949716
1299655
1280282
1244531
1219555
1291202
1442532
1414272
857800
1374534
975324
1406956
1326106
1136837
1124838
1429739
1114967
1193115
1437446
1233354
1309643
927254
1244890
811944
1241436
1449951
1144932
1336189
1465038
1286663
1500531
1301844
1290190
1186830
1042834
842924
1389158
1257960
1429886
1201012
1191666
1258151
1441563
1305273
1241983
1310861
1284514
1268552
1143973
1419826
552524
1319895
1514364
1083968
1062722
1442655
1191605
710258
1227003
1065342
1219537
1297454
1408208
1245571
1398911
1236471
1362052
950396
1084242
1211999
787747
1180906
1220564
1216571
993708
1169210
1422166
1190511
1535290
1294698
1362608
926670
1302916
1114894
1308619
1266798
870028
1373445
793387
935766
1112417
1318856
749170
568770
1217483
1236197
1103437
1065426
1210938
936946
607141
1429738
1411273
755898
1214130
937393
1353328
1456349
1242434
1383089
1477453
1200320
1192174
1331349
1156594
1082424
1174128
1290205
701387
1228246
1336928
1428213
812583
793058
873797
1130863
1371151
1261125
1280089
1063307
425274
760329
997113
926606
1291712
1285406
1235304
1322218
1221061
1390394
1404863
999075
1433330
1145221
1414160
1257009
931349
1083420
1413805
1154725
1323784
1204892
1378734
1304434
604685
1550223
1222479
1272149
1429744
1311660
1471345
758923
1202306
1429834
1026222
1251875
1426674
1352310
1107216
1418290
1219620
1386877
1251551
1195631
1522923
1186563
1245399
949855
1197122
1001249
1054867
1001414
1098006
1242015
1297181
1044736
1318917
1254786
1425045
1149463
1117857
1155324
804370
1289893
1426518
1196364
1255788
1281091
757725
842328
278193
1461911
1013601
1321439
1137179
1235294
1038392
604079
1194963
1363381
1078605
1407861
1439127
1217585
1187436
1205515
1387190
1323853
1310830
1076897
1181540
1433735
1242705
1457124
1443576
1013482
1327769
1149504
1353117
1272166
1339658
1450863
1376434
1126915
1276073
1162858
1468417
1130022
1288070
1146210
1454800
1500536
1223690
1313144
1071064
990204
1125623
896536
942058
1119377
1319972
1229730
842931
937941
1193824
1251970
1242898
1492608
1238188
1389705
1125899
1327872
1015981
1242426
955496
1072699
1084199
1280450
1316070
1310741
986206
1290879
1315986
1388808
1452541
1264573
1315988
1338799
1235880
1315076
1242501
1249728
1379877
1550785
1386827
1242011
1500691
987400
1087891
1581099
1218628
1491034
1261501
1316147
1151039
1263256
1443260
1246049
1214140
1235298
1149167
1337562
1233506
1407635
1001030
1218925
1297028
1189735
1224993
760497
1211726
1358491
1003722
1385169
1511789
1186715
1401318
1124619
1158616
1127674
1429750
1083637
1137350
1257957
1415211
1205892
1522377
1319969
1118848
1410189
1084808
1443894
1548092
1182861
883954
1010756
1215020
1256223
729713
1491902
730251
1176932
1307520
1180318
1509871
1400768
1216780
1164614
1275151
1143440
1224668
1383072
1246369
1323880
1310879
1364904
1306293
659956
1313211
1181107
1241634
666154
957121
1385536
1561969
1356039
1147546
1309012
1002158
1113421
1267116
1284120
1155281
1064307
1306845
1380682
1129923
1402481
1196067
1416904
1400288
784524
1285728
1391047
1367575
1570554
1302848
1466938
1450599
1426792
1406607
1242419
1284460
1160360
1211776
682012
1426968
1231010
1296404
1419229
1358831
1290182
977294
1419027
1078600
1244953
1022787
1537780
1195518
1433947
1371202
986097
1279229
1267319
1429616
1409850
1227739
1311031
941109
1287842
1504382
1280672
1007734
1484453
1444376
1422179
1256208
1295400
1294174
1400784
822119
979976
1000828
1202235
1554419
1288998
257094
1397375
957119
1301632
1306816
1386792
1245993
1413643
1144430
1305653
1233066
1242669
1000881
1409925
1315091
1233243
1208695
1373723
1204886
1356587
1328862
1037264
1266816
1138621
1045021
1405338
1172265
1196573
1225572
1064021
1404864
970947
1421990
1438959
1225582
639988
1151031
1241921
985602
1149614
1380415
1265827
1277872
1312157
1287814
1424217
1018852
541671
1315655
889962
1539104
1243800
1244975
575265
1309584
1049942
1303055
1519168
1187315
1468789
777443
1109086
1425725
1214684
1269644
1226777
1422096
1212742
1278656
1267905
1218493
1202479
1362849
1314452
1091196
1241934
1093237
1312946
1196791
1208348
1261543
1220566
1084440
1325482
1045938
1094836
1538573
1061474
1422052
1096642
1328956
1392117
1495723
974573
1328803
979660
774100
1549292
1327862
1259024
1153399
1372260
1465569
1128614
1226354
696506
1368326
1320392
869048
993710
1421982
1475666
1272121
1323475
891584
1107325
1371189
1422211
1180831
1124620
1087192
1508191
1088166
1215798
1515395
1131759
1225915
1284505
1291904
1355271
533533
1269732
1026542
1212855
1276019
1230208
1290218
1236470
1245347
1150370
1097311
1322752
1544122
1003504
999243
1115982
1530875
1153714
1205648
447273
1168401
1477953
1276038
1312833
1188423
1236204
1278164
1265344
1417421
1305926
1306284
1256192
1355126
1317920
1502943
1328913
1261555
1012601
1429299
1248226
1092506
1253003
1193861
1513598
1253000
1103731
1290424
1019871
1255783
1319965
1393382
1277884
1266675
1318480
1416651
1125257
1181161
1320400
1314784
1433719
1284493
1414157
1511556
1001141
1375762
1462776
1161617
617126
1425122
975615
1127625
1391483
995797
1396965
1436524
1137759
1136387
1318435
324544
1417059
1372586
1274746
1254624
1035259
1145725
1255718
1269208
1426776
1251717
847692
1175942
1119542
797109
1571470
1212142
710295
933490
1362514
1355666
1196943
1169789
1049082
1235610
1239193
1319473
1266813
1159939
1106289
1316416
1229385
1197137
1418286
1530127
1254135
1339166
1288328
1356670
1265717
1370264
800367
1000110
986056
1280684
1278965
1290159
1200801
1442440
1389255
1134048
1280444
1031962
1380809
1250629
1195430
1297763
1226572
1316719
1104845
1081208
1203329
1140535
1428264
1422227
1330435
1414048
1234821
980477
1317149
1233413
1421309
1425816
1151272
1144107
1290432
1309725
1043808
1012180
881415
1296504
1419390
774370
1242382
1118770
1426680
1001010
1306525
1126166
1418287
1426142
1073112
972533
1185528
1060046
1294203
1472668
1400782
1549512
1151334
1249213
1455575
1397832
1352624
1307078
1433339
1352706
1034391
1099985
1237082
1440171
1086260
1259102
1127110
1278827
1330421
1290595
1277988
1401905
1393069
338969
1235746
996821
1361934
1252037
1419406
1243341
1368519
1332316
1452176
1265623
964875
1293286
1410082
1287536
1193692
574475
1205229
766369
1244944
1119878
713364
1275248
1317877
1294947
1317088
1071585
1128546